0
1 2
3 4 5 2
3 4 5 2 6 7
8 9 2
10 11 12
13 11 14 15 8 9 2
16 17 18 8 9 2
19 20 21
22 23 24 25
26 24 27 28
29 30 25
31 32 33
34 35 36
37 38 39
40 41
42 43 44
42 43 45 46 47 48 49 50 51 52
42 43 45 46 47 48 49 53 54
42 43 45 46 55 11 56
42 43 45 46 57 58 11 59 60
42 43 45 46 61 11 62 63
42 43 45 46 61 11 64 63
42 43 45 46 65 66
42 43 45 46 65 67
42 43 45 46 68
42 43 45 46 69 70 71
42 43 45 46 69 72
42 43 45 46 73 74
42 43 45 46 73 75
42 43 45 46 76 77
42 43 45 46 76 78 11 79 80
42 43 45 46 76 81
42 43 45 46 76 82 11 79 80
3 83 49 50 51 52
3 83 49 50 51 52 84 51 85 66
3 83 49 50 51 52 84 51 85 67
3 83 49 53 54
3 83 49 53 54 86 87 85 66
3 83 49 53 54 86 87 85 67
3 88 49 53 89 46 47 48 49 50 51 52
3 88 49 53 89 46 47 48 49 53 54
3 88 49 53 89 46 55 11 56
3 88 49 53 89 46 57 58 11 59 60
3 88 49 53 89 46 61 11 62 63
3 88 49 53 89 46 61 11 64 63
3 88 49 53 89 46 65 66
3 88 49 53 89 46 65 67
3 88 49 53 89 46 68
3 88 49 53 89 46 69 70 71
3 88 49 53 89 46 69 72
3 88 49 53 89 46 69 90 91
3 88 49 53 89 46 73 74
3 88 49 53 89 46 73 92 93
3 88 49 53 89 46 73 75
3 88 49 53 89 46 73 94 93
3 88 49 53 89 46 76 77
3 88 49 53 89 46 76 78 11 79 80
3 88 49 53 89 46 76 78 95
3 88 49 53 89 46 76 81
3 88 49 53 89 46 76 82 11 79 80
3 88 49 53 89 46 76 82 95
96 11 56
97 56
97 98 46 47 48 49 50 51 52
97 98 46 47 48 49 53 54
97 98 46 55 11 56
97 98 46 57 58 11 59 60
97 98 46 61 99 11 100 101
97 98 46 61 99 11 100 102 103
97 98 46 61 104 11 100 101
97 98 46 61 104 11 100 102 103
97 98 46 65 66
97 98 46 73 92 105
97 98 46 65 67
97 98 46 73 94 105
97 98 46 68
97 98 46 69 70 71
97 98 46 69 72
97 98 46 73 74
97 98 46 73 92 93
97 98 46 73 75
97 98 46 73 94 93
97 98 46 76 77
97 98 46 76 78 11 79 80
97 98 46 76 78 95
97 98 46 76 81
97 98 46 76 82 11 79 80
97 98 46 76 82 95
106 58 11 59 107 46 61 11 108 109 93
110 111 112 47 48 49 50 51 52
110 111 112 47 48 49 53 54
97 59 60
97 59 107 46 47 48 49 50 51 52
97 59 107 46 47 48 49 53 54
97 59 107 46 55 11 56
97 59 107 46 57 58 11 59 60
97 59 107 46 61 99 11 100 101
97 59 107 46 61 99 11 100 102 103
97 59 107 46 61 104 11 100 101
97 59 107 46 61 104 11 100 102 103
97 59 107 46 65 66
97 59 107 46 73 92 105
97 59 107 46 65 67
97 59 107 46 73 94 105
97 59 107 46 68
97 59 107 46 69 70 71
97 59 107 46 69 72
97 59 107 46 73 74
97 59 107 46 73 92 93
97 59 107 46 73 75
97 59 107 46 73 94 93
97 59 107 46 76 77
97 59 107 46 76 78 11 79 80
97 59 107 46 76 78 95
97 59 107 46 76 81
97 59 107 46 76 82 11 79 80
97 59 107 46 76 82 95
113 11 100 101
113 11 100 102 93
113 99 11 100 101
113 99 11 100 102 103
113 99 11 100 114 46 47 48 49 50 51 52
113 99 11 100 102 115 46 47 48 49 50 51 52
113 99 11 100 114 46 47 48 49 53 54
113 99 11 100 102 115 46 47 48 49 53 54
113 99 11 100 114 46 55 11 56
113 99 11 100 102 115 46 55 11 56
113 99 11 100 114 46 57 58 11 59 60
113 99 11 100 102 115 46 57 58 11 59 60
113 99 11 100 114 46 61 11 62 63
113 99 11 100 102 115 46 61 11 62 63
113 99 11 100 114 46 61 11 64 63
113 99 11 100 102 115 46 61 11 64 63
113 99 11 100 114 46 65 66
113 99 11 100 102 115 46 65 66
113 99 11 100 114 46 65 67
113 99 11 100 102 115 46 65 67
113 99 11 100 114 46 68
113 99 11 100 102 115 46 68
113 99 11 100 114 46 69 70 71
113 99 11 100 102 115 46 69 70 71
113 99 11 100 114 46 69 72
113 99 11 100 102 115 46 69 72
113 99 11 100 114 46 73 74
113 99 11 100 102 115 46 73 74
113 99 11 100 114 46 73 75
113 99 11 100 102 115 46 73 75
113 99 11 100 114 46 76 77
113 99 11 100 114 46 76 78 11 79 80
113 99 11 100 102 115 46 76 77
113 99 11 100 102 115 46 76 78 11 79 80
113 99 11 100 114 46 76 81
113 99 11 100 114 46 76 82 11 79 80
113 99 11 100 102 115 46 76 81
113 99 11 100 102 115 46 76 82 11 79 80
113 104 11 100 101
113 104 11 100 102 103
113 104 11 100 114 46 47 48 49 50 51 52
113 104 11 100 102 115 46 47 48 49 50 51 52
113 104 11 100 114 46 47 48 49 53 54
113 104 11 100 102 115 46 47 48 49 53 54
113 104 11 100 114 46 55 11 56
113 104 11 100 102 115 46 55 11 56
113 104 11 100 114 46 57 58 11 59 60
113 104 11 100 102 115 46 57 58 11 59 60
113 104 11 100 114 46 61 11 62 63
113 104 11 100 102 115 46 61 11 62 63
113 104 11 100 114 46 61 11 64 63
113 104 11 100 102 115 46 61 11 64 63
113 104 11 100 114 46 65 66
113 104 11 100 102 115 46 65 66
113 104 11 100 114 46 65 67
113 104 11 100 102 115 46 65 67
113 104 11 100 114 46 68
113 104 11 100 102 115 46 68
113 104 11 100 114 46 69 70 71
113 104 11 100 102 115 46 69 70 71
113 104 11 100 114 46 69 72
113 104 11 100 102 115 46 69 72
113 104 11 100 114 46 73 74
113 104 11 100 102 115 46 73 74
113 104 11 100 114 46 73 75
113 104 11 100 102 115 46 73 75
113 104 11 100 114 46 76 77
113 104 11 100 114 46 76 78 11 79 80
113 104 11 100 102 115 46 76 77
113 104 11 100 102 115 46 76 78 11 79 80
113 104 11 100 114 46 76 81
113 104 11 100 114 46 76 82 11 79 80
113 104 11 100 102 115 46 76 81
113 104 11 100 102 115 46 76 82 11 79 80
116 66
116 117 93
116 118 46 47 48 49 50 51 52
116 117 119 46 47 48 49 50 51 52
116 118 46 47 48 49 53 54
116 117 119 46 47 48 49 53 54
116 118 46 55 11 56
116 117 119 46 55 11 56
116 118 46 57 58 11 59 60
116 117 119 46 57 58 11 59 60
116 118 46 61 11 62 63
116 117 119 46 61 11 62 63
116 118 46 61 11 64 63
116 117 119 46 61 11 64 63
116 118 46 65 66
116 117 119 46 65 66
116 118 46 65 67
116 117 119 46 65 67
116 118 46 68
116 117 119 46 68
116 118 46 69 70 71
116 117 119 46 69 70 71
116 118 46 69 72
116 117 119 46 69 72
116 118 46 73 74
116 117 119 46 73 74
116 118 46 73 75
116 117 119 46 73 75
116 118 46 76 77
116 118 46 76 78 11 79 80
116 117 119 46 76 77
116 117 119 46 76 78 11 79 80
116 118 46 76 81
116 118 46 76 82 11 79 80
116 117 119 46 76 81
116 117 119 46 76 82 11 79 80
116 67
116 120 93
116 121 46 47 48 49 50 51 52
116 120 119 46 47 48 49 50 51 52
116 121 46 47 48 49 53 54
116 120 119 46 47 48 49 53 54
116 121 46 55 11 56
116 120 119 46 55 11 56
116 121 46 57 58 11 59 60
116 120 119 46 57 58 11 59 60
116 121 46 61 11 62 63
116 120 119 46 61 11 62 63
116 121 46 61 11 64 63
116 120 119 46 61 11 64 63
116 121 46 65 66
116 120 119 46 65 66
116 121 46 65 67
116 120 119 46 65 67
116 121 46 68
116 120 119 46 68
116 121 46 69 70 71
116 120 119 46 69 70 71
116 121 46 69 72
116 120 119 46 69 72
116 121 46 73 74
116 120 119 46 73 74
116 121 46 73 75
116 120 119 46 73 75
116 121 46 76 77
116 121 46 76 78 11 79 80
116 120 119 46 76 77
116 120 119 46 76 78 11 79 80
116 121 46 76 81
116 121 46 76 82 11 79 80
116 120 119 46 76 81
116 120 119 46 76 82 11 79 80
122 123 68
122 123 124 46 47 48 49 50 51 52
122 123 124 46 47 48 49 53 54
122 123 124 46 55 11 56
122 123 124 46 57 58 11 59 60
122 123 124 46 61 11 62 63
122 123 124 46 61 11 64 63
122 123 124 46 65 66
122 123 124 46 65 67
122 123 124 46 68
122 123 124 46 69 70 71
122 123 124 46 69 72
122 123 124 46 73 74
122 123 124 46 73 75
122 123 124 46 76 77
122 123 124 46 76 78 11 79 80
122 123 124 46 76 81
122 123 124 46 76 82 11 79 80
125 70 71
125 70 126 46 47 48 49 50 51 52
125 70 126 46 47 48 49 53 54
125 127 128
125 127 129 46 47 48 49 50 51 52
125 127 129 46 47 48 49 53 54
125 127 129 46 55 11 56
125 127 129 46 57 58 11 59 60
125 127 129 46 61 11 62 63
125 127 129 46 61 11 64 63
125 127 129 46 65 66
125 127 129 46 65 67
125 127 129 46 68
125 127 129 46 69 70 71
125 127 129 46 69 72
125 127 129 46 73 74
125 127 129 46 73 75
125 127 129 46 76 77
125 127 129 46 76 78 11 79 80
125 127 129 46 76 81
125 127 129 46 76 82 11 79 80
125 72
125 90 91
125 130 46 47 48 49 50 51 52
125 90 131 46 47 48 49 50 51 52
125 130 46 47 48 49 53 54
125 90 131 46 47 48 49 53 54
125 130 46 55 11 56
125 90 131 46 55 11 56
125 130 46 57 58 11 59 60
125 90 131 46 57 58 11 59 60
125 130 46 61 11 62 63
125 90 131 46 61 11 62 63
125 130 46 61 11 64 63
125 90 131 46 61 11 64 63
125 130 46 65 66
125 90 131 46 65 66
125 130 46 65 67
125 90 131 46 65 67
125 130 46 68
125 90 131 46 68
125 130 46 69 70 71
125 90 131 46 69 70 71
125 130 46 69 72
125 90 131 46 69 72
125 130 46 73 74
125 90 131 46 73 74
125 130 46 73 75
125 90 131 46 73 75
125 130 46 76 77
125 130 46 76 78 11 79 80
125 90 131 46 76 77
125 90 131 46 76 78 11 79 80
125 130 46 76 81
125 130 46 76 82 11 79 80
125 90 131 46 76 81
125 90 131 46 76 82 11 79 80
125 66
125 117 91
125 118 46 47 48 49 50 51 52
125 117 131 46 47 48 49 50 51 52
125 118 46 47 48 49 53 54
125 117 131 46 47 48 49 53 54
125 118 46 55 11 56
125 117 131 46 55 11 56
125 118 46 57 58 11 59 60
125 117 131 46 57 58 11 59 60
125 118 46 61 11 62 63
125 117 131 46 61 11 62 63
125 118 46 61 11 64 63
125 117 131 46 61 11 64 63
125 118 46 65 66
125 117 131 46 65 66
125 118 46 65 67
125 117 131 46 65 67
125 118 46 68
125 117 131 46 68
125 118 46 69 70 71
125 117 131 46 69 70 71
125 118 46 69 72
125 117 131 46 69 72
125 118 46 73 74
125 117 131 46 73 74
125 118 46 73 75
125 117 131 46 73 75
125 118 46 76 77
125 118 46 76 78 11 79 80
125 117 131 46 76 77
125 117 131 46 76 78 11 79 80
125 118 46 76 81
125 118 46 76 82 11 79 80
125 117 131 46 76 81
125 117 131 46 76 82 11 79 80
125 67
125 120 91
125 121 46 47 48 49 50 51 52
125 120 131 46 47 48 49 50 51 52
125 121 46 47 48 49 53 54
125 120 131 46 47 48 49 53 54
125 121 46 55 11 56
125 120 131 46 55 11 56
125 121 46 57 58 11 59 60
125 120 131 46 57 58 11 59 60
125 121 46 61 11 62 63
125 120 131 46 61 11 62 63
125 121 46 61 11 64 63
125 120 131 46 61 11 64 63
125 121 46 65 66
125 120 131 46 65 66
125 121 46 65 67
125 120 131 46 65 67
125 121 46 68
125 120 131 46 68
125 121 46 69 70 71
125 120 131 46 69 70 71
125 121 46 69 72
125 120 131 46 69 72
125 121 46 73 74
125 120 131 46 73 74
125 121 46 73 75
125 120 131 46 73 75
125 121 46 76 77
125 121 46 76 78 11 79 80
125 120 131 46 76 77
125 120 131 46 76 78 11 79 80
125 121 46 76 81
125 121 46 76 82 11 79 80
125 120 131 46 76 81
125 120 131 46 76 82 11 79 80
132 95
132 77
132 78 95
132 99 46 47 48 49 50 51 52
132 78 133 46 47 48 49 50 51 52
132 99 46 47 48 49 53 54
132 78 133 46 47 48 49 53 54
132 99 46 55 11 56
132 78 133 46 55 11 56
132 99 46 57 58 11 59 60
132 78 133 46 57 58 11 59 60
132 99 46 61 11 62 63
132 78 133 46 61 11 62 63
132 99 46 61 11 64 63
132 78 133 46 61 11 64 63
132 99 46 65 66
132 78 133 46 65 66
132 99 46 65 67
132 78 133 46 65 67
132 99 46 68
132 78 133 46 68
132 99 46 69 70 71
132 78 133 46 69 70 71
132 99 46 69 72
132 78 133 46 69 72
132 99 46 73 74
132 78 133 46 73 74
132 99 46 73 75
132 78 133 46 73 75
132 99 46 76 77
132 99 46 76 78 11 79 80
132 78 133 46 76 77
132 78 133 46 76 78 11 79 80
132 99 46 76 81
132 99 46 76 82 11 79 80
132 78 133 46 76 81
132 78 133 46 76 82 11 79 80
132 81
132 82 95
132 104 46 47 48 49 50 51 52
132 82 133 46 47 48 49 50 51 52
132 104 46 47 48 49 53 54
132 82 133 46 47 48 49 53 54
132 82 133 46 55 11 56
132 104 46 55 11 56
132 82 133 46 57 58 11 59 60
132 104 46 57 58 11 59 60
132 104 46 61 11 62 63
132 82 133 46 61 11 62 63
132 104 46 61 11 64 63
132 82 133 46 61 11 64 63
132 82 133 46 65 66
132 104 46 65 66
132 82 133 46 65 67
132 104 46 65 67
132 104 46 68
132 82 133 46 68
132 104 46 69 70 71
132 82 133 46 69 70 71
132 104 46 69 72
132 82 133 46 69 72
132 104 46 73 74
132 82 133 46 73 74
132 104 46 73 75
132 82 133 46 73 75
132 104 46 76 77
132 104 46 76 78 11 79 80
132 82 133 46 76 77
132 82 133 46 76 78 11 79 80
132 104 46 76 81
132 104 46 76 82 11 79 80
132 82 133 46 76 81
132 82 133 46 76 82 11 79 80
134 43 127 135 136
137
138
139
140
141
142
143
144
145
146
147
148
149
150
151
152
153
154
155
156
157 158 159 43 44
157 158 159 43 45 46 47 48 49 50 51 52
157 158 159 43 45 46 47 48 49 53 54
157 158 159 43 45 46 55 11 56
157 158 159 43 45 46 57 58 11 59 60
157 158 159 43 45 46 61 11 62 63
157 158 159 43 45 46 61 11 64 63
157 158 159 43 45 46 65 66
157 158 159 43 45 46 65 67
157 158 159 43 45 46 68
157 158 159 43 45 46 69 70 71
157 158 159 43 45 46 69 72
157 158 159 43 45 46 73 74
157 158 159 43 45 46 73 75
157 158 159 43 45 46 76 77
157 158 159 43 45 46 76 78 11 79 80
157 158 159 43 45 46 76 81
157 158 159 43 45 46 76 82 11 79 80
157 158 47 48 49 50 51 52
157 158 47 48 49 50 51 52 84 51 85 66
157 158 47 48 49 50 51 52 84 51 85 67
157 158 47 48 49 53 54
157 158 47 48 49 53 54 86 87 85 66
157 158 47 48 49 53 54 86 87 85 67
157 158 47 48 49 53 89 46 47 48 49 50 51 52
157 158 47 48 49 53 89 46 47 48 49 53 54
157 158 47 48 49 53 89 46 55 11 56
157 158 47 48 49 53 89 46 57 58 11 59 60
157 158 47 48 49 53 89 46 61 11 62 63
157 158 47 48 49 53 89 46 61 11 64 63
157 158 47 48 49 53 89 46 65 66
157 158 47 48 49 53 89 46 65 67
157 158 47 48 49 53 89 46 68
157 158 47 48 49 53 89 46 69 70 71
157 158 47 48 49 53 89 46 69 72
157 158 47 48 49 53 89 46 73 74
157 158 47 48 49 53 89 46 73 75
157 158 47 48 49 53 89 46 76 77
157 158 47 48 49 53 89 46 76 78 11 79 80
157 158 47 48 49 53 89 46 76 81
157 158 47 48 49 53 89 46 76 82 11 79 80
157 158 55 11 56
157 158 160 56
157 158 160 98 46 47 48 49 50 51 52
157 158 160 98 46 47 48 49 53 54
157 158 160 98 46 55 11 56
157 158 160 98 46 57 58 11 59 60
157 158 160 98 46 61 11 62 63
157 158 160 98 46 61 11 64 63
157 158 160 98 46 65 66
157 158 160 98 46 65 67
157 158 160 98 46 68
157 158 160 98 46 69 70 71
157 158 160 98 46 69 72
157 158 160 98 46 73 74
157 158 160 98 46 73 75
157 158 160 98 46 76 77
157 158 160 98 46 76 78 11 79 80
157 158 160 98 46 76 81
157 158 160 98 46 76 82 11 79 80
113 11 111 161 11 162 63
113 11 111 161 11 162 100 163
157 158 57 58 11 59 60
113 11 108 164
113 11 108 109 91
113 11 108 165 46 47 48 49 50 51 52
113 11 108 109 131 46 47 48 49 50 51 52
113 11 108 165 46 47 48 49 53 54
113 11 108 109 131 46 47 48 49 53 54
113 11 108 165 46 55 11 56
113 11 108 109 131 46 55 11 56
113 11 108 165 46 57 58 11 59 60
113 11 108 109 131 46 57 58 11 59 60
113 11 108 165 46 61 11 62 63
113 11 108 109 131 46 61 11 62 63
113 11 108 165 46 61 11 64 63
113 11 108 109 131 46 61 11 64 63
113 11 108 165 46 65 66
113 11 108 109 131 46 65 66
113 11 108 165 46 65 67
113 11 108 109 131 46 65 67
113 11 108 165 46 68
113 11 108 109 131 46 68
113 11 108 165 46 69 70 71
113 11 108 109 131 46 69 70 71
113 11 108 165 46 69 72
113 11 108 109 131 46 69 72
113 11 108 165 46 73 74
113 11 108 109 131 46 73 74
113 11 108 165 46 73 75
113 11 108 109 131 46 73 75
113 11 108 165 46 76 77
113 11 108 165 46 76 78 11 79 80
113 11 108 109 131 46 76 77
113 11 108 109 131 46 76 78 11 79 80
113 11 108 165 46 76 81
113 11 108 165 46 76 82 11 79 80
113 11 108 109 131 46 76 81
113 11 108 109 131 46 76 82 11 79 80
157 158 160 59 60
157 158 61 11 100 101
157 158 61 11 100 102 93
157 158 61 99 11 100 101
157 158 61 99 11 100 102 103
157 158 61 99 11 100 114 46 47 48 49 50 51 52
157 158 61 99 11 100 102 115 46 47 48 49 50 51 52
157 158 61 99 11 100 114 46 47 48 49 53 54
157 158 61 99 11 100 102 115 46 47 48 49 53 54
157 158 61 99 11 100 102 115 46 55 11 56
157 158 61 99 11 100 114 46 55 11 56
157 158 61 99 11 100 102 115 46 57 58 11 59 60
157 158 61 99 11 100 114 46 57 58 11 59 60
157 158 61 99 11 100 114 46 61 11 62 63
157 158 61 99 11 100 102 115 46 61 11 62 63
157 158 61 99 11 100 114 46 61 11 64 63
157 158 61 99 11 100 102 115 46 61 11 64 63
157 158 61 99 11 100 114 46 65 66
157 158 61 99 11 100 102 115 46 65 66
157 158 61 99 11 100 114 46 65 67
157 158 61 99 11 100 102 115 46 65 67
157 158 61 99 11 100 114 46 68
157 158 61 99 11 100 102 115 46 68
157 158 61 99 11 100 114 46 69 70 71
157 158 61 99 11 100 102 115 46 69 70 71
157 158 61 99 11 100 114 46 69 72
157 158 61 99 11 100 102 115 46 69 72
157 158 61 99 11 100 114 46 73 74
157 158 61 99 11 100 102 115 46 73 74
157 158 61 99 11 100 114 46 73 75
157 158 61 99 11 100 102 115 46 73 75
157 158 61 99 11 100 114 46 76 77
157 158 61 99 11 100 114 46 76 78 11 79 80
157 158 61 99 11 100 102 115 46 76 77
157 158 61 99 11 100 102 115 46 76 78 11 79 80
157 158 61 99 11 100 114 46 76 81
157 158 61 99 11 100 114 46 76 82 11 79 80
157 158 61 99 11 100 102 115 46 76 81
157 158 61 99 11 100 102 115 46 76 82 11 79 80
157 158 61 104 11 100 101
157 158 61 104 11 100 102 103
157 158 61 104 11 100 114 46 47 48 49 50 51 52
157 158 61 104 11 100 102 115 46 47 48 49 50 51 52
157 158 61 104 11 100 114 46 47 48 49 53 54
157 158 61 104 11 100 102 115 46 47 48 49 53 54
157 158 61 104 11 100 114 46 55 11 56
157 158 61 104 11 100 102 115 46 55 11 56
157 158 61 104 11 100 114 46 57 58 11 59 60
157 158 61 104 11 100 102 115 46 57 58 11 59 60
157 158 61 104 11 100 114 46 61 11 62 63
157 158 61 104 11 100 102 115 46 61 11 62 63
157 158 61 104 11 100 114 46 61 11 64 63
157 158 61 104 11 100 102 115 46 61 11 64 63
157 158 61 104 11 100 114 46 65 66
157 158 61 104 11 100 102 115 46 65 66
157 158 61 104 11 100 114 46 65 67
157 158 61 104 11 100 102 115 46 65 67
157 158 61 104 11 100 114 46 68
157 158 61 104 11 100 102 115 46 68
157 158 61 104 11 100 114 46 69 70 71
157 158 61 104 11 100 102 115 46 69 70 71
157 158 61 104 11 100 114 46 69 72
157 158 61 104 11 100 102 115 46 69 72
157 158 61 104 11 100 114 46 73 74
157 158 61 104 11 100 102 115 46 73 74
157 158 61 104 11 100 114 46 73 75
157 158 61 104 11 100 102 115 46 73 75
157 158 61 104 11 100 114 46 76 77
157 158 61 104 11 100 114 46 76 78 11 79 80
157 158 61 104 11 100 102 115 46 76 77
157 158 61 104 11 100 102 115 46 76 78 11 79 80
157 158 61 104 11 100 114 46 76 81
157 158 61 104 11 100 114 46 76 82 11 79 80
157 158 61 104 11 100 102 115 46 76 81
157 158 61 104 11 100 102 115 46 76 82 11 79 80
157 158 73 74
157 158 73 92 105
157 158 73 166 46 47 48 49 50 51 52
157 158 73 92 167 46 47 48 49 50 51 52
157 158 73 166 46 47 48 49 53 54
157 158 73 92 167 46 47 48 49 53 54
157 158 73 166 46 55 11 56
157 158 73 92 167 46 55 11 56
157 158 73 166 46 57 58 11 59 60
157 158 73 92 167 46 57 58 11 59 60
157 158 73 166 46 61 11 62 63
157 158 73 92 167 46 61 11 62 63
157 158 73 166 46 61 11 64 63
157 158 73 92 167 46 61 11 64 63
157 158 73 166 46 65 66
157 158 73 92 167 46 65 66
157 158 73 166 46 65 67
157 158 73 92 167 46 65 67
157 158 73 166 46 68
157 158 73 92 167 46 68
157 158 73 166 46 69 70 71
157 158 73 92 167 46 69 70 71
157 158 73 166 46 69 72
157 158 73 92 167 46 69 72
157 158 73 166 46 73 74
157 158 73 92 167 46 73 74
157 158 73 166 46 73 75
157 158 73 92 167 46 73 75
157 158 73 166 46 76 77
157 158 73 166 46 76 78 11 79 80
157 158 73 92 167 46 76 77
157 158 73 92 167 46 76 78 11 79 80
157 158 73 166 46 76 81
157 158 73 166 46 76 82 11 79 80
157 158 73 92 167 46 76 81
157 158 73 92 167 46 76 82 11 79 80
157 158 73 75
157 158 73 94 105
157 158 73 168 46 47 48 49 50 51 52
157 158 73 94 167 46 47 48 49 50 51 52
157 158 73 168 46 47 48 49 53 54
157 158 73 94 167 46 47 48 49 53 54
157 158 73 168 46 55 11 56
157 158 73 94 167 46 55 11 56
157 158 73 168 46 57 58 11 59 60
157 158 73 94 167 46 57 58 11 59 60
157 158 73 94 167 46 61 11 62 63
157 158 73 168 46 61 11 62 63
157 158 73 94 167 46 61 11 64 63
157 158 73 168 46 61 11 64 63
157 158 73 168 46 65 66
157 158 73 94 167 46 65 66
157 158 73 168 46 65 67
157 158 73 94 167 46 65 67
157 158 73 168 46 68
157 158 73 94 167 46 68
157 158 73 168 46 69 70 71
157 158 73 94 167 46 69 70 71
157 158 73 168 46 69 72
157 158 73 94 167 46 69 72
157 158 73 168 46 73 74
157 158 73 94 167 46 73 74
157 158 73 168 46 73 75
157 158 73 94 167 46 73 75
157 158 73 168 46 76 77
157 158 73 168 46 76 78 11 79 80
157 158 73 94 167 46 76 77
157 158 73 94 167 46 76 78 11 79 80
157 158 73 168 46 76 81
157 158 73 168 46 76 82 11 79 80
157 158 73 94 167 46 76 81
157 158 73 94 167 46 76 82 11 79 80
157 158 68
157 158 124 46 47 48 49 50 51 52
157 158 124 46 47 48 49 53 54
157 158 124 46 55 11 56
157 158 124 46 57 58 11 59 60
157 158 124 46 61 11 62 63
157 158 124 46 61 11 64 63
157 158 124 46 65 66
157 158 124 46 65 67
157 158 124 46 68
157 158 124 46 69 70 71
157 158 124 46 69 72
157 158 124 46 73 74
157 158 124 46 73 75
157 158 124 46 76 77
157 158 124 46 76 78 11 79 80
157 158 124 46 76 81
157 158 124 46 76 82 11 79 80
157 158 69 70 71
157 158 69 70 126 46 47 48 49 50 51 52
157 158 69 70 126 46 47 48 49 53 54
157 158 69 127 128
157 158 69 127 129 46 47 48 49 50 51 52
157 158 69 127 129 46 47 48 49 53 54
157 158 69 127 129 46 55 11 56
157 158 69 127 129 46 57 58 11 59 60
157 158 69 127 129 46 61 11 62 63
157 158 69 127 129 46 61 11 64 63
157 158 69 127 129 46 65 66
157 158 69 127 129 46 65 67
157 158 69 127 129 46 68
157 158 69 127 129 46 69 70 71
157 158 69 127 129 46 69 72
157 158 69 127 129 46 73 74
157 158 69 127 129 46 73 75
157 158 69 127 129 46 76 77
157 158 69 127 129 46 76 78 11 79 80
157 158 69 127 129 46 76 81
157 158 69 127 129 46 76 82 11 79 80
157 158 69 72
157 158 69 90 91
157 158 69 130 46 47 48 49 50 51 52
157 158 69 90 131 46 47 48 49 50 51 52
157 158 69 130 46 47 48 49 53 54
157 158 69 90 131 46 47 48 49 53 54
157 158 69 130 46 55 11 56
157 158 69 90 131 46 55 11 56
157 158 69 130 46 57 58 11 59 60
157 158 69 90 131 46 57 58 11 59 60
157 158 69 130 46 61 11 62 63
157 158 69 90 131 46 61 11 62 63
157 158 69 130 46 61 11 64 63
157 158 69 90 131 46 61 11 64 63
157 158 69 130 46 65 66
157 158 69 90 131 46 65 66
157 158 69 130 46 65 67
157 158 69 90 131 46 65 67
157 158 69 130 46 68
157 158 69 90 131 46 68
157 158 69 130 46 69 70 71
157 158 69 90 131 46 69 70 71
157 158 69 130 46 69 72
157 158 69 90 131 46 69 72
157 158 69 130 46 73 74
157 158 69 90 131 46 73 74
157 158 69 130 46 73 75
157 158 69 90 131 46 73 75
157 158 69 130 46 76 77
157 158 69 130 46 76 78 11 79 80
157 158 69 90 131 46 76 77
157 158 69 90 131 46 76 78 11 79 80
157 158 69 130 46 76 81
157 158 69 130 46 76 82 11 79 80
157 158 69 90 131 46 76 81
157 158 69 90 131 46 76 82 11 79 80
157 158 73 74
157 158 73 92 93
157 158 73 166 46 47 48 49 50 51 52
157 158 73 92 119 46 47 48 49 50 51 52
157 158 73 166 46 47 48 49 53 54
157 158 73 92 119 46 47 48 49 53 54
157 158 73 166 46 55 11 56
157 158 73 92 119 46 55 11 56
157 158 73 166 46 57 58 11 59 60
157 158 73 92 119 46 57 58 11 59 60
157 158 73 166 46 61 11 62 63
157 158 73 92 119 46 61 11 62 63
157 158 73 166 46 61 11 64 63
157 158 73 92 119 46 61 11 64 63
157 158 73 166 46 65 66
157 158 73 92 119 46 65 66
157 158 73 166 46 65 67
157 158 73 92 119 46 65 67
157 158 73 166 46 68
157 158 73 92 119 46 68
157 158 73 166 46 69 70 71
157 158 73 92 119 46 69 70 71
157 158 73 166 46 69 72
157 158 73 92 119 46 69 72
157 158 73 166 46 73 74
157 158 73 92 119 46 73 74
157 158 73 166 46 73 75
157 158 73 92 119 46 73 75
157 158 73 92 119 46 76 77
157 158 73 92 119 46 76 78 11 79 80
157 158 73 166 46 76 77
157 158 73 166 46 76 78 11 79 80
157 158 73 92 119 46 76 81
157 158 73 92 119 46 76 82 11 79 80
157 158 73 166 46 76 81
157 158 73 166 46 76 82 11 79 80
157 158 73 94 93
157 158 73 75
157 158 73 94 119 46 47 48 49 50 51 52
157 158 73 168 46 47 48 49 50 51 52
157 158 73 168 46 47 48 49 53 54
157 158 73 94 119 46 47 48 49 53 54
157 158 73 168 46 55 11 56
157 158 73 94 119 46 55 11 56
157 158 73 168 46 57 58 11 59 60
157 158 73 94 119 46 57 58 11 59 60
157 158 73 168 46 61 11 62 63
157 158 73 94 119 46 61 11 62 63
157 158 73 94 119 46 61 11 64 63
157 158 73 168 46 61 11 64 63
157 158 73 94 119 46 65 66
157 158 73 168 46 65 66
157 158 73 168 46 65 67
157 158 73 94 119 46 65 67
157 158 73 168 46 68
157 158 73 94 119 46 68
157 158 73 168 46 69 70 71
157 158 73 94 119 46 69 70 71
157 158 73 168 46 69 72
157 158 73 94 119 46 69 72
157 158 73 168 46 73 74
157 158 73 94 119 46 73 74
157 158 73 168 46 73 75
157 158 73 94 119 46 73 75
157 158 73 168 46 76 77
157 158 73 168 46 76 78 11 79 80
157 158 73 94 119 46 76 77
157 158 73 94 119 46 76 78 11 79 80
157 158 73 168 46 76 81
157 158 73 168 46 76 82 11 79 80
157 158 73 94 119 46 76 81
157 158 73 94 119 46 76 82 11 79 80
157 158 76 95
157 158 76 77
157 158 76 78 11 79 80
157 158 76 78 95
157 158 76 78 11 79 169 170
157 158 76 99 46 47 48 49 50 51 52
157 158 76 78 133 46 47 48 49 50 51 52
157 158 76 99 46 47 48 49 53 54
157 158 76 78 133 46 47 48 49 53 54
157 158 76 99 46 55 11 56
157 158 76 78 133 46 55 11 56
157 158 76 99 46 57 58 11 59 60
157 158 76 78 133 46 57 58 11 59 60
157 158 76 99 46 61 11 62 63
157 158 76 78 133 46 61 11 62 63
157 158 76 99 46 61 11 64 63
157 158 76 78 133 46 61 11 64 63
157 158 76 99 46 65 66
157 158 76 78 133 46 65 66
157 158 76 99 46 65 67
157 158 76 78 133 46 65 67
157 158 76 99 46 68
157 158 76 78 133 46 68
157 158 76 99 46 69 70 71
157 158 76 78 133 46 69 70 71
157 158 76 99 46 69 72
157 158 76 78 133 46 69 72
157 158 76 99 46 73 74
157 158 76 78 133 46 73 74
157 158 76 99 46 73 75
157 158 76 78 133 46 73 75
157 158 76 99 46 76 77
157 158 76 99 46 76 78 11 79 80
157 158 76 78 133 46 76 77
157 158 76 78 133 46 76 78 11 79 80
157 158 76 99 46 76 81
157 158 76 99 46 76 82 11 79 80
157 158 76 78 133 46 76 81
157 158 76 78 133 46 76 82 11 79 80
157 158 76 81
157 158 76 82 11 79 80
157 158 76 82 95
157 158 76 82 11 79 169 170
157 158 76 104 46 47 48 49 50 51 52
157 158 76 82 133 46 47 48 49 50 51 52
157 158 76 104 46 47 48 49 53 54
157 158 76 82 133 46 47 48 49 53 54
157 158 76 104 46 55 11 56
157 158 76 82 133 46 55 11 56
157 158 76 104 46 57 58 11 59 60
157 158 76 82 133 46 57 58 11 59 60
157 158 76 104 46 61 11 62 63
157 158 76 82 133 46 61 11 62 63
157 158 76 104 46 61 11 64 63
157 158 76 82 133 46 61 11 64 63
157 158 76 104 46 65 66
157 158 76 82 133 46 65 66
157 158 76 104 46 65 67
157 158 76 82 133 46 65 67
157 158 76 104 46 68
157 158 76 82 133 46 68
157 158 76 104 46 69 70 71
157 158 76 82 133 46 69 70 71
157 158 76 104 46 69 72
157 158 76 82 133 46 69 72
157 158 76 82 133 46 73 74
157 158 76 104 46 73 74
157 158 76 82 133 46 73 75
157 158 76 104 46 73 75
157 158 76 104 46 76 77
157 158 76 104 46 76 78 11 79 80
157 158 76 82 133 46 76 77
157 158 76 82 133 46 76 78 11 79 80
157 158 76 104 46 76 81
157 158 76 104 46 76 82 11 79 80
157 158 76 82 133 46 76 81
157 158 76 82 133 46 76 82 11 79 80
110 171 172 76 77
110 171 172 76 99 46 47 48 49 50 51 52
110 171 172 76 99 46 47 48 49 53 54
110 171 172 76 99 46 55 11 56
110 171 172 76 99 46 57 58 11 59 60
110 171 172 76 99 46 61 11 62 63
110 171 172 76 99 46 61 11 64 63
110 171 172 76 99 46 65 66
110 171 172 76 99 46 65 67
110 171 172 76 99 46 68
110 171 172 76 99 46 69 70 71
110 171 172 76 99 46 69 72
110 171 172 76 99 46 73 74
110 171 172 76 99 46 73 75
110 171 172 76 99 46 76 77
110 171 172 76 99 46 76 78 11 79 80
110 171 172 76 99 46 76 81
110 171 172 76 99 46 76 82 11 79 80
110 171 172 76 81
110 171 172 76 104 46 47 48 49 50 51 52
110 171 172 76 104 46 47 48 49 53 54
110 171 172 76 104 46 55 11 56
110 171 172 76 104 46 57 58 11 59 60
110 171 172 76 104 46 61 11 62 63
110 171 172 76 104 46 61 11 64 63
110 171 172 76 104 46 65 66
110 171 172 76 104 46 65 67
110 171 172 76 104 46 68
110 171 172 76 104 46 69 70 71
110 171 172 76 104 46 69 72
110 171 172 76 104 46 73 74
110 171 172 76 104 46 73 75
110 171 172 76 104 46 76 77
110 171 172 76 104 46 76 78 11 79 80
110 171 172 76 104 46 76 81
110 171 172 76 104 46 76 82 11 79 80
110 171 172 61 77
110 171 172 61 99 46 47 48 49 50 51 52
110 171 172 61 99 46 47 48 49 53 54
110 171 172 61 99 46 55 11 56
110 171 172 61 99 46 57 58 11 59 60
110 171 172 61 99 46 61 11 62 63
110 171 172 61 99 46 61 11 64 63
110 171 172 61 99 46 65 66
110 171 172 61 99 46 65 67
110 171 172 61 99 46 68
110 171 172 61 99 46 69 70 71
110 171 172 61 99 46 69 72
110 171 172 61 99 46 73 74
110 171 172 61 99 46 73 75
110 171 172 61 99 46 76 77
110 171 172 61 99 46 76 78 11 79 80
110 171 172 61 99 46 76 81
110 171 172 61 99 46 76 82 11 79 80
110 171 172 61 81
110 171 172 61 104 46 47 48 49 50 51 52
110 171 172 61 104 46 47 48 49 53 54
110 171 172 61 104 46 55 11 56
110 171 172 61 104 46 57 58 11 59 60
110 171 172 61 104 46 61 11 62 63
110 171 172 61 104 46 61 11 64 63
110 171 172 61 104 46 65 66
110 171 172 61 104 46 65 67
110 171 172 61 104 46 68
110 171 172 61 104 46 69 70 71
110 171 172 61 104 46 69 72
110 171 172 61 104 46 73 74
110 171 172 61 104 46 73 75
110 171 172 61 104 46 76 77
110 171 172 61 104 46 76 78 11 79 80
110 171 172 61 104 46 76 81
110 171 172 61 104 46 76 82 11 79 80
110 171 172 173 76 77
110 171 172 173 76 99 46 47 48 49 50 51 52
110 171 172 173 76 99 46 47 48 49 53 54
110 171 172 173 76 99 46 55 11 56
110 171 172 173 76 99 46 57 58 11 59 60
110 171 172 173 76 99 46 61 11 62 63
110 171 172 173 76 99 46 61 11 64 63
110 171 172 173 76 99 46 65 66
110 171 172 173 76 99 46 65 67
110 171 172 173 76 99 46 68
110 171 172 173 76 99 46 69 70 71
110 171 172 173 76 99 46 69 72
110 171 172 173 76 99 46 73 74
110 171 172 173 76 99 46 73 75
110 171 172 173 76 99 46 76 77
110 171 172 173 76 99 46 76 78 11 79 80
110 171 172 173 76 99 46 76 81
110 171 172 173 76 99 46 76 82 11 79 80
110 171 172 173 76 81
110 171 172 173 76 104 46 47 48 49 50 51 52
110 171 172 173 76 104 46 47 48 49 53 54
110 171 172 173 76 104 46 55 11 56
110 171 172 173 76 104 46 57 58 11 59 60
110 171 172 173 76 104 46 61 11 62 63
110 171 172 173 76 104 46 61 11 64 63
110 171 172 173 76 104 46 65 66
110 171 172 173 76 104 46 65 67
110 171 172 173 76 104 46 68
110 171 172 173 76 104 46 69 70 71
110 171 172 173 76 104 46 69 72
110 171 172 173 76 104 46 73 74
110 171 172 173 76 104 46 73 75
110 171 172 173 76 104 46 76 77
110 171 172 173 76 104 46 76 78 11 79 80
110 171 172 173 76 104 46 76 81
110 171 172 173 76 104 46 76 82 11 79 80
174 158 175 176 177 178
174 158 175 176 177 179 46 47 48 49 50 51 52
174 158 175 176 177 179 46 47 48 49 53 54
174 158 175 176 177 179 46 55 11 56
174 158 175 176 177 179 46 68
174 158 175 176 177 179 46 69 70 71
174 158 175 176 177 179 46 73 74
174 158 175 176 177 179 46 73 75
174 158 175 176 177 179 46 76 77
174 158 175 176 177 179 46 76 78 11 79 80
174 158 175 176 177 179 46 76 81
174 158 175 176 177 179 46 76 82 11 79 80
180 181 182 76 77
180 181 182 76 81
180 181 182 73 166 46 76 77
180 181 182 73 168 46 76 81
180 181 182 73 183 184 118 46 76 77
180 181 182 73 183 184 121 46 76 81
180 181 182 73 49 185 186 187 188 189 46 76 77
180 181 182 73 49 185 186 187 190 189 46 76 81
180 181 182 73 49 185 186 191 188 189 46 76 77
180 181 182 73 49 185 186 191 190 189 46 76 81
110 172 76 77
110 172 76 99 46 47 48 49 50 51 52
110 172 76 99 46 47 48 49 53 54
110 172 76 99 46 55 11 56
110 172 76 99 46 57 58 11 59 60
110 172 76 99 46 61 11 62 63
110 172 76 99 46 61 11 64 63
110 172 76 99 46 65 66
110 172 76 99 46 65 67
110 172 76 99 46 68
110 172 76 99 46 69 70 71
110 172 76 99 46 69 72
110 172 76 99 46 73 74
110 172 76 99 46 73 75
110 172 76 99 46 76 77
110 172 76 99 46 76 81
110 172 76 99 46 76 78 95
110 172 76 99 46 76 82 95
110 172 76 99 46 76 78 11 79 80
110 172 76 99 46 76 82 11 79 80
110 172 76 81
110 172 76 104 46 47 48 49 50 51 52
110 172 76 104 46 47 48 49 53 54
110 172 76 104 46 55 11 56
110 172 76 104 46 57 58 11 59 60
110 172 76 104 46 61 11 62 63
110 172 76 104 46 61 11 64 63
110 172 76 104 46 65 66
110 172 76 104 46 65 67
110 172 76 104 46 68
110 172 76 104 46 69 70 71
110 172 76 104 46 69 72
110 172 76 104 46 73 74
110 172 76 104 46 73 75
110 172 76 104 46 76 77
110 172 76 104 46 76 81
110 172 76 104 46 76 78 95
110 172 76 104 46 76 82 95
110 172 76 104 46 76 78 11 79 80
110 172 76 104 46 76 82 11 79 80
110 172 61 77
110 172 61 99 46 47 48 49 50 51 52
110 172 61 99 46 47 48 49 53 54
110 172 61 99 46 55 11 56
110 172 61 99 46 57 58 11 59 60
110 172 61 99 46 61 11 62 63
110 172 61 99 46 61 11 64 63
110 172 61 99 46 65 66
110 172 61 99 46 65 67
110 172 61 99 46 68
110 172 61 99 46 69 70 71
110 172 61 99 46 69 72
110 172 61 99 46 73 74
110 172 61 99 46 73 75
110 172 61 99 46 76 77
110 172 61 99 46 76 81
110 172 61 99 46 76 78 95
110 172 61 99 46 76 82 95
110 172 61 99 46 76 78 11 79 80
110 172 61 99 46 76 82 11 79 80
110 172 61 81
110 172 61 104 46 47 48 49 50 51 52
110 172 61 104 46 47 48 49 53 54
110 172 61 104 46 55 11 56
110 172 61 104 46 57 58 11 59 60
110 172 61 104 46 61 11 62 63
110 172 61 104 46 61 11 64 63
110 172 61 104 46 65 66
110 172 61 104 46 65 67
110 172 61 104 46 68
110 172 61 104 46 69 70 71
110 172 61 104 46 69 72
110 172 61 104 46 73 74
110 172 61 104 46 73 75
110 172 61 104 46 76 77
110 172 61 104 46 76 81
110 172 61 104 46 76 78 95
110 172 61 104 46 76 82 95
110 172 61 104 46 76 78 11 79 80
110 172 61 104 46 76 82 11 79 80
110 172 173 76 77
110 172 173 76 99 46 47 48 49 50 51 52
110 172 173 76 99 46 47 48 49 53 54
110 172 173 76 99 46 55 11 56
110 172 173 76 99 46 57 58 11 59 60
110 172 173 76 99 46 61 11 62 63
110 172 173 76 99 46 61 11 64 63
110 172 173 76 99 46 65 66
110 172 173 76 99 46 65 67
110 172 173 76 99 46 68
110 172 173 76 99 46 69 70 71
110 172 173 76 99 46 69 72
110 172 173 76 99 46 73 74
110 172 173 76 99 46 73 75
110 172 173 76 99 46 76 77
110 172 173 76 99 46 76 81
110 172 173 76 99 46 76 78 95
110 172 173 76 99 46 76 82 95
110 172 173 76 99 46 76 78 11 79 80
110 172 173 76 99 46 76 82 11 79 80
110 172 173 76 81
110 172 173 76 104 46 47 48 49 50 51 52
110 172 173 76 104 46 47 48 49 53 54
110 172 173 76 104 46 55 11 56
110 172 173 76 104 46 57 58 11 59 60
110 172 173 76 104 46 61 11 62 63
110 172 173 76 104 46 61 11 64 63
110 172 173 76 104 46 65 66
110 172 173 76 104 46 65 67
110 172 173 76 104 46 68
110 172 173 76 104 46 69 70 71
110 172 173 76 104 46 69 72
110 172 173 76 104 46 73 74
110 172 173 76 104 46 73 75
110 172 173 76 104 46 76 77
110 172 173 76 104 46 76 81
110 172 173 76 104 46 76 78 95
110 172 173 76 104 46 76 82 95
110 172 173 76 104 46 76 78 11 79 80
110 172 173 76 104 46 76 82 11 79 80
192 193 194 76 77
192 193 194 76 99 46 47 48 49 50 51 52
192 193 194 76 99 46 47 48 49 53 54
192 193 194 76 99 46 55 11 56
192 193 194 76 99 46 57 58 11 59 60
192 193 194 76 99 46 61 11 62 63
192 193 194 76 99 46 61 11 64 63
192 193 194 76 99 46 65 66
192 193 194 76 99 46 65 67
192 193 194 76 99 46 68
192 193 194 76 99 46 69 70 71
192 193 194 76 99 46 69 72
192 193 194 76 99 46 73 74
192 193 194 76 99 46 73 75
192 193 194 76 99 46 76 77
192 193 194 76 99 46 76 81
192 193 194 76 99 46 76 78 95
192 193 194 76 99 46 76 82 95
192 193 194 76 99 46 76 78 11 79 80
192 193 194 76 99 46 76 82 11 79 80
192 193 194 76 81
192 193 194 76 104 46 47 48 49 50 51 52
192 193 194 76 104 46 47 48 49 53 54
192 193 194 76 104 46 55 11 56
192 193 194 76 104 46 57 58 11 59 60
192 193 194 76 104 46 61 11 62 63
192 193 194 76 104 46 61 11 64 63
192 193 194 76 104 46 65 66
192 193 194 76 104 46 65 67
192 193 194 76 104 46 68
192 193 194 76 104 46 69 70 71
192 193 194 76 104 46 69 72
192 193 194 76 104 46 73 74
192 193 194 76 104 46 73 75
192 193 194 76 104 46 76 77
192 193 194 76 104 46 76 81
192 193 194 76 104 46 76 78 95
192 193 194 76 104 46 76 82 95
192 193 194 76 104 46 76 78 11 79 80
192 193 194 76 104 46 76 82 11 79 80
192 193 194 61 77
192 193 194 61 99 46 47 48 49 50 51 52
192 193 194 61 99 46 47 48 49 53 54
192 193 194 61 99 46 55 11 56
192 193 194 61 99 46 57 58 11 59 60
192 193 194 61 99 46 61 11 62 63
192 193 194 61 99 46 61 11 64 63
192 193 194 61 99 46 65 66
192 193 194 61 99 46 65 67
192 193 194 61 99 46 68
192 193 194 61 99 46 69 70 71
192 193 194 61 99 46 69 72
192 193 194 61 99 46 73 74
192 193 194 61 99 46 73 75
192 193 194 61 99 46 76 77
192 193 194 61 99 46 76 81
192 193 194 61 99 46 76 78 95
192 193 194 61 99 46 76 82 95
192 193 194 61 99 46 76 78 11 79 80
192 193 194 61 99 46 76 82 11 79 80
192 193 194 61 81
192 193 194 61 104 46 47 48 49 50 51 52
192 193 194 61 104 46 47 48 49 53 54
192 193 194 61 104 46 55 11 56
192 193 194 61 104 46 57 58 11 59 60
192 193 194 61 104 46 61 11 62 63
192 193 194 61 104 46 61 11 64 63
192 193 194 61 104 46 65 66
192 193 194 61 104 46 65 67
192 193 194 61 104 46 68
192 193 194 61 104 46 69 70 71
192 193 194 61 104 46 69 72
192 193 194 61 104 46 73 74
192 193 194 61 104 46 73 75
192 193 194 61 104 46 76 77
192 193 194 61 104 46 76 81
192 193 194 61 104 46 76 78 95
192 193 194 61 104 46 76 82 95
192 193 194 61 104 46 76 78 11 79 80
192 193 194 61 104 46 76 82 11 79 80
192 193 194 173 76 77
192 193 194 173 76 99 46 47 48 49 50 51 52
192 193 194 173 76 99 46 47 48 49 53 54
192 193 194 173 76 99 46 55 11 56
192 193 194 173 76 99 46 57 58 11 59 60
192 193 194 173 76 99 46 61 11 62 63
192 193 194 173 76 99 46 61 11 64 63
192 193 194 173 76 99 46 65 66
192 193 194 173 76 99 46 65 67
192 193 194 173 76 99 46 68
192 193 194 173 76 99 46 69 70 71
192 193 194 173 76 99 46 69 72
192 193 194 173 76 99 46 73 74
192 193 194 173 76 99 46 73 75
192 193 194 173 76 99 46 76 77
192 193 194 173 76 99 46 76 81
192 193 194 173 76 99 46 76 78 11 79 80
192 193 194 173 76 99 46 76 82 11 79 80
192 193 194 173 76 81
192 193 194 173 76 104 46 47 48 49 50 51 52
192 193 194 173 76 104 46 47 48 49 53 54
192 193 194 173 76 104 46 55 11 56
192 193 194 173 76 104 46 57 58 11 59 60
192 193 194 173 76 104 46 61 11 62 63
192 193 194 173 76 104 46 61 11 64 63
192 193 194 173 76 104 46 65 66
192 193 194 173 76 104 46 65 67
192 193 194 173 76 104 46 68
192 193 194 173 76 104 46 69 70 71
192 193 194 173 76 104 46 69 72
192 193 194 173 76 104 46 73 74
192 193 194 173 76 104 46 73 75
192 193 194 173 76 104 46 76 77
192 193 194 173 76 104 46 76 81
192 193 194 173 76 104 46 76 78 11 79 80
192 193 194 173 76 104 46 76 82 11 79 80
132 78 11 195 196
132 78 11 195 197 46 47 48 49 50 51 52
132 78 11 195 197 46 47 48 49 53 54
132 78 11 195 197 46 55 11 56
132 78 11 195 197 46 57 58 11 59 60
132 78 11 195 197 46 61 11 62 63
132 78 11 195 197 46 61 11 64 63
132 78 11 195 197 46 65 66
132 78 11 195 197 46 65 67
132 78 11 195 197 46 68
132 78 11 195 197 46 69 72
132 78 11 195 197 46 73 74
132 78 11 195 197 46 73 75
132 78 11 195 197 46 69 70 71
132 78 11 195 197 46 76 77
132 78 11 195 197 46 76 81
132 78 11 195 197 46 76 78 95
132 78 11 195 197 46 76 82 95
132 78 11 195 197 46 76 78 11 79 80
132 78 11 195 197 46 76 82 11 79 80
132 82 11 195 196
132 82 11 195 197 46 47 48 49 50 51 52
132 82 11 195 197 46 47 48 49 53 54
132 82 11 195 197 46 55 11 56
132 82 11 195 197 46 57 58 11 59 60
132 82 11 195 197 46 61 11 62 63
132 82 11 195 197 46 61 11 64 63
132 82 11 195 197 46 65 66
132 82 11 195 197 46 65 67
132 82 11 195 197 46 68
132 82 11 195 197 46 69 72
132 82 11 195 197 46 73 74
132 82 11 195 197 46 73 75
132 82 11 195 197 46 69 70 71
132 82 11 195 197 46 76 77
132 82 11 195 197 46 76 81
132 82 11 195 197 46 76 78 95
132 82 11 195 197 46 76 82 95
132 82 11 195 197 46 76 78 11 79 80
132 82 11 195 197 46 76 82 11 79 80
157 198 199 200 76 77
157 198 199 200 76 99 46 47 48 49 50 51 52
157 198 199 200 76 99 46 47 48 49 53 54
157 198 199 200 76 99 46 55 11 56
157 198 199 200 76 99 46 57 58 11 59 60
157 198 199 200 76 99 46 65 66
157 198 199 200 76 99 46 65 67
157 198 199 200 76 99 46 68
157 198 199 200 76 99 46 69 70 71
157 198 199 200 76 99 46 69 72
157 198 199 200 76 99 46 73 74
157 198 199 200 76 99 46 73 75
157 198 199 200 76 99 46 76 77
157 198 199 200 76 99 46 76 78 11 79 80
157 198 199 200 76 99 46 76 81
157 198 199 200 76 99 46 76 82 11 79 80
157 198 199 200 76 99 46 76 78 95
157 198 199 200 76 99 46 76 82 95
157 198 199 200 61 77
157 198 199 200 61 99 46 47 48 49 50 51 52
157 198 199 200 61 99 46 47 48 49 53 54
157 198 199 200 61 99 46 55 11 56
157 198 199 200 61 99 46 57 58 11 59 60
157 198 199 200 61 99 46 65 66
157 198 199 200 61 99 46 65 67
157 198 199 200 61 99 46 68
157 198 199 200 61 99 46 69 70 71
157 198 199 200 61 99 46 69 72
157 198 199 200 61 99 46 73 74
157 198 199 200 61 99 46 73 75
157 198 199 200 61 99 46 76 77
157 198 199 200 61 99 46 76 78 11 79 80
157 198 199 200 61 99 46 76 81
157 198 199 200 61 99 46 76 82 11 79 80
157 198 199 200 61 99 46 76 78 95
157 198 199 200 61 99 46 76 82 95
157 198 199 201 173 76 77
157 198 199 201 173 76 99 46 47 48 49 50 51 52
157 198 199 201 173 76 99 46 47 48 49 53 54
157 198 199 201 173 76 99 46 55 11 56
157 198 199 201 173 76 99 46 57 58 11 59 60
157 198 199 201 173 76 99 46 65 66
157 198 199 201 173 76 99 46 65 67
157 198 199 201 173 76 99 46 68
157 198 199 201 173 76 99 46 69 70 71
157 198 199 201 173 76 99 46 69 72
157 198 199 201 173 76 99 46 73 74
157 198 199 201 173 76 99 46 73 75
157 198 199 201 173 76 99 46 76 77
157 198 199 201 173 76 99 46 76 78 11 79 80
157 198 199 201 173 76 99 46 76 81
157 198 199 201 173 76 99 46 76 82 11 79 80
157 198 199 201 173 76 99 46 76 78 95
157 198 199 201 173 76 99 46 76 82 95
157 198 199 201 73 74
157 198 199 201 73 166 46 47 48 49 50 51 52
157 198 199 201 73 166 46 47 48 49 53 54
157 198 199 201 73 166 46 55 11 56
157 198 199 201 73 166 46 57 58 11 59 60
157 198 199 201 73 166 46 65 66
157 198 199 201 73 166 46 65 67
157 198 199 201 73 166 46 68
157 198 199 201 73 166 46 69 70 71
157 198 199 201 73 166 46 69 72
157 198 199 201 73 166 46 73 74
157 198 199 201 73 166 46 73 75
157 198 199 201 73 166 46 76 77
157 198 199 201 73 166 46 76 78 11 79 80
157 198 199 201 73 166 46 76 81
157 198 199 201 73 166 46 76 82 11 79 80
157 198 199 201 73 166 46 76 78 95
157 198 199 201 73 166 46 76 82 95
157 198 199 201 76 81
157 198 199 201 76 104 46 47 48 49 50 51 52
157 198 199 201 76 104 46 47 48 49 53 54
157 198 199 201 76 104 46 55 11 56
157 198 199 201 76 104 46 57 58 11 59 60
157 198 199 201 76 104 46 65 66
157 198 199 201 76 104 46 65 67
157 198 199 201 76 104 46 68
157 198 199 201 76 104 46 69 70 71
157 198 199 201 76 104 46 69 72
157 198 199 201 76 104 46 73 74
157 198 199 201 76 104 46 73 75
157 198 199 201 76 104 46 76 77
157 198 199 201 76 104 46 76 78 11 79 80
157 198 199 201 76 104 46 76 81
157 198 199 201 76 104 46 76 82 11 79 80
157 198 199 201 76 104 46 76 78 95
157 198 199 201 76 104 46 76 82 95
157 198 199 200 61 81
157 198 199 200 61 104 46 47 48 49 50 51 52
157 198 199 200 61 104 46 47 48 49 53 54
157 198 199 200 61 104 46 55 11 56
157 198 199 200 61 104 46 57 58 11 59 60
157 198 199 200 61 104 46 65 66
157 198 199 200 61 104 46 65 67
157 198 199 200 61 104 46 68
157 198 199 200 61 104 46 69 70 71
157 198 199 200 61 104 46 69 72
157 198 199 200 61 104 46 73 74
157 198 199 200 61 104 46 73 75
157 198 199 200 61 104 46 76 77
157 198 199 200 61 104 46 76 78 11 79 80
157 198 199 200 61 104 46 76 81
157 198 199 200 61 104 46 76 82 11 79 80
157 198 199 200 61 104 46 76 78 95
157 198 199 200 61 104 46 76 82 95
157 198 199 201 173 76 81
157 198 199 201 173 76 104 46 47 48 49 50 51 52
157 198 199 201 173 76 104 46 47 48 49 53 54
157 198 199 201 173 76 104 46 55 11 56
157 198 199 201 173 76 104 46 57 58 11 59 60
157 198 199 201 173 76 104 46 65 66
157 198 199 201 173 76 104 46 65 67
157 198 199 201 173 76 104 46 68
157 198 199 201 173 76 104 46 69 70 71
157 198 199 201 173 76 104 46 69 72
157 198 199 201 173 76 104 46 73 74
157 198 199 201 173 76 104 46 73 75
157 198 199 201 173 76 104 46 76 77
157 198 199 201 173 76 104 46 76 78 11 79 80
157 198 199 201 173 76 104 46 76 81
157 198 199 201 173 76 104 46 76 82 11 79 80
157 198 199 201 173 76 104 46 76 78 95
157 198 199 201 173 76 104 46 76 82 95
157 198 199 201 73 75
157 198 199 201 73 168 46 47 48 49 50 51 52
157 198 199 201 73 168 46 47 48 49 53 54
157 198 199 201 73 168 46 55 11 56
157 198 199 201 73 168 46 57 58 11 59 60
157 198 199 201 73 168 46 65 66
157 198 199 201 73 168 46 65 67
157 198 199 201 73 168 46 68
157 198 199 201 73 168 46 69 70 71
157 198 199 201 73 168 46 69 72
157 198 199 201 73 168 46 73 74
157 198 199 201 73 168 46 73 75
157 198 199 201 73 168 46 76 77
157 198 199 201 73 168 46 76 78 11 79 80
157 198 199 201 73 168 46 76 81
157 198 199 201 73 168 46 76 82 11 79 80
157 198 199 201 73 168 46 76 78 95
157 198 199 201 73 168 46 76 82 95
157 158 73 166 202 199 201 76 77
157 158 73 168 202 199 201 76 81
157 158 73 183 184 118 202 199 201 76 77
157 158 73 183 184 121 202 199 201 76 81
157 158 73 49 185 186 187 188 189 202 199 201 76 77
157 158 73 49 185 186 187 190 189 202 199 201 76 81
157 158 73 49 185 186 191 188 189 202 199 201 76 77
157 158 73 49 185 186 191 190 189 202 199 201 76 81
157 158 73 166 202 199 201 61 77
157 158 73 168 202 199 201 61 81
157 158 73 183 184 118 202 199 201 61 77
157 158 73 183 184 121 202 199 201 61 81
157 158 73 49 185 186 187 188 189 202 199 201 61 77
157 158 73 49 185 186 187 190 189 202 199 201 61 81
157 158 73 49 185 186 191 188 189 202 199 201 61 77
157 158 73 49 185 186 191 190 189 202 199 201 61 81
157 158 73 166 202 199 201 73 74
157 158 73 168 202 199 201 73 75
157 158 73 183 184 118 202 199 201 73 74
157 158 73 183 184 121 202 199 201 73 75
157 158 73 49 185 186 187 188 189 202 199 201 73 74
157 158 73 49 185 186 187 190 189 202 199 201 73 75
157 158 73 49 185 186 191 188 189 202 199 201 73 74
157 158 73 49 185 186 191 190 189 202 199 201 73 75
157 158 73 166 202 199 201 173 76 77
157 158 73 168 202 199 201 173 76 81
157 158 73 183 184 118 202 199 201 173 76 77
157 158 73 183 184 121 202 199 201 173 76 81
157 158 73 49 185 186 187 188 189 202 199 201 173 76 77
157 158 73 49 185 186 187 190 189 202 199 201 173 76 81
157 158 73 49 185 186 191 188 189 202 199 201 173 76 77
157 158 73 49 185 186 191 190 189 202 199 201 173 76 81
116 117 203 204 43 44
116 120 203 204 43 44
116 117 203 204 43 45 46 76 78 11 79 80
116 117 203 204 43 45 46 76 82 11 79 80
116 120 203 204 43 45 46 76 78 11 79 80
116 120 203 204 43 45 46 76 82 11 79 80
42 43 45 199 205
134 43 199 201 46 159 43 44
206 207 208 43 209 203 210 211
206 207 210 212 198 46 47 48 49 50 51 52
206 207 210 212 198 46 47 48 49 53 54
206 207 210 212 198 46 55 11 56
206 207 210 212 198 46 57 58 11 59 60
206 207 210 212 198 46 61 11 62 63
206 207 210 212 198 46 61 11 64 63
206 207 210 212 198 46 65 66
206 207 210 212 198 46 65 67
206 207 210 212 198 46 68
206 207 210 212 198 46 69 70 71
206 207 210 212 198 46 69 72
206 207 210 212 198 46 69 90 91
206 207 210 212 198 46 73 74
206 207 210 212 198 46 73 92 93
206 207 210 212 198 46 73 75
206 207 210 212 198 46 73 94 93
206 207 210 212 198 46 76 77
206 207 210 212 198 46 76 78 95
206 207 210 212 198 46 76 81
206 207 210 212 198 46 76 82 95
206 207 210 212 198 46 61 11 64 213 214 215
206 207 210 212 198 46 61 11 62 213 214 215
206 207 210 212 198 46 216
206 207 210 212 198 46 217
180 218 76 78 95
180 218 76 82 95
180 218 61 78 95
180 218 61 82 95
180 218 173 76 78 95
180 218 173 76 82 95
180 218 73 92 105
180 218 73 94 105
180 218 61 99 11 100 102 103
180 218 61 104 11 100 102 103
180 218 61 11 64 100 103
180 218 61 11 62 100 103
180 218 61 11 64 213 214 215
180 218 61 11 62 213 214 215
180 218 219 220
180 218 221 220
180 218 222 214 215
180 218 223 214 215
180 218 216
180 218 217
180 218 61 11 64 63
180 218 61 11 62 63
180 218 76 82 11 79 80
180 218 76 78 11 79 80
132 99 49 224
132 104 49 224
113 99 49 224
113 104 49 224
116 117 203 210 225 224
116 120 203 210 225 224
226 76 99 49 224
226 76 104 49 224
157 158 73 166 46 76 78 95
157 158 73 168 46 76 82 95
157 158 73 166 46 61 78 95
157 158 73 168 46 61 82 95
157 158 73 166 46 173 76 78 95
157 158 73 168 46 173 76 82 95
157 158 73 166 46 73 92 105
157 158 73 166 46 73 94 105
157 158 73 168 46 73 94 105
157 158 73 168 46 73 92 105
157 158 73 183 184 118 46 76 78 95
157 158 73 183 184 121 46 76 82 95
157 158 73 183 184 118 46 173 76 78 95
157 158 73 183 184 121 46 173 76 82 95
157 158 73 183 184 118 46 173 76 82 95
157 158 73 183 184 121 46 173 76 78 95
157 158 73 183 184 118 46 61 78 95
157 158 73 183 184 121 46 61 82 95
157 158 73 183 184 118 46 61 82 95
157 158 73 183 184 121 46 61 78 95
157 158 73 183 184 118 46 73 92 105
157 158 73 183 184 121 46 73 94 105
157 158 73 183 184 118 46 73 94 105
157 158 73 183 184 121 46 73 92 105
157 158 73 49 185 186 187 188 189 46 76 78 95
157 158 73 49 185 186 187 190 189 46 76 82 95
157 158 73 49 185 186 187 188 189 46 173 76 78 95
157 158 73 49 185 186 187 188 189 46 173 76 82 95
157 158 73 49 185 186 187 190 189 46 173 76 82 95
157 158 73 49 185 186 187 190 189 46 173 76 78 95
157 158 73 49 185 186 187 188 189 46 61 78 95
157 158 73 49 185 186 187 188 189 46 61 82 95
157 158 73 49 185 186 187 190 189 46 61 82 95
157 158 73 49 185 186 187 190 189 46 61 78 95
157 158 73 49 185 186 187 188 189 46 73 92 105
157 158 73 49 185 186 187 188 189 46 73 94 105
157 158 73 49 185 186 187 190 189 46 73 94 105
157 158 73 49 185 186 187 190 189 46 73 92 105
157 158 73 49 185 186 191 188 189 46 76 78 95
157 158 73 49 185 186 191 190 189 46 76 82 95
157 158 73 49 185 186 191 188 189 46 61 78 95
157 158 73 49 185 186 191 188 189 46 61 82 95
157 158 73 49 185 186 191 190 189 46 61 82 95
157 158 73 49 185 186 191 190 189 46 61 78 95
157 158 73 49 185 186 191 188 189 46 173 76 78 95
157 158 73 49 185 186 191 188 189 46 173 76 82 95
157 158 73 49 185 186 191 190 189 46 173 76 82 95
157 158 73 49 185 186 191 190 189 46 173 76 78 95
157 158 73 49 185 186 191 188 189 46 73 92 105
157 158 73 49 185 186 191 188 189 46 73 94 105
157 158 73 49 185 186 191 190 189 46 73 94 105
157 158 73 49 185 186 191 190 189 46 73 92 105
157 158 73 166 46 159 43 44
157 158 73 168 46 159 43 44
157 158 73 166 46 73 92 105
157 158 73 168 46 73 94 105
157 158 73 183 184 118 46 159 43 44
157 158 73 183 184 121 46 159 43 44
157 158 73 183 184 118 46 73 92 105
157 158 73 183 184 121 46 73 94 105
157 158 73 49 185 186 191 188 189 46 159 43 44
157 158 73 49 185 186 191 190 189 46 159 43 44
157 158 73 49 185 186 191 188 189 46 73 92 105
157 158 73 49 185 186 191 190 189 46 73 94 105
226 76 78 95
226 76 78 133 46 47 48 49 50 51 52
226 76 78 133 46 47 48 49 53 54
226 76 78 133 46 55 11 56
226 76 78 133 46 57 58 11 59 60
226 76 78 133 46 61 11 62 63
226 76 78 133 46 61 11 64 63
226 76 78 133 46 65 66
226 76 78 133 46 65 67
226 76 78 133 46 68
226 76 78 133 46 69 70 71
226 76 78 133 46 69 72
226 76 78 133 46 73 74
226 76 78 133 46 73 75
226 76 78 133 46 76 77
226 76 78 133 46 76 81
226 76 78 133 46 76 78 11 79 80
226 76 78 133 46 76 82 11 79 80
226 76 82 95
226 76 82 133 46 47 48 49 50 51 52
226 76 82 133 46 47 48 49 53 54
226 76 82 133 46 55 11 56
226 76 82 133 46 57 58 11 59 60
226 76 82 133 46 61 11 62 63
226 76 82 133 46 61 11 64 63
226 76 82 133 46 65 66
226 76 82 133 46 65 67
226 76 82 133 46 68
226 76 82 133 46 69 70 71
226 76 82 133 46 69 72
226 76 82 133 46 73 74
226 76 82 133 46 73 75
226 76 82 133 46 76 77
226 76 82 133 46 76 81
226 76 82 133 46 76 78 11 79 80
226 76 82 133 46 76 82 11 79 80
157 158 173 76 77
157 158 173 76 78 95
157 158 173 76 78 133 46 47 48 49 50 51 52
157 158 173 76 78 133 46 47 48 49 53 54
157 158 173 76 78 133 46 55 11 56
157 158 173 76 78 133 46 57 58 11 59 60
157 158 173 76 78 133 46 61 11 62 63
157 158 173 76 78 133 46 61 11 64 63
157 158 173 76 78 133 46 65 66
157 158 173 76 78 133 46 65 67
157 158 173 76 78 133 46 68
157 158 173 76 78 133 46 69 70 71
157 158 173 76 78 133 46 69 72
157 158 173 76 78 133 46 73 74
157 158 173 76 78 133 46 73 75
157 158 173 76 78 133 46 76 77
157 158 173 76 78 133 46 76 81
157 158 173 76 78 133 46 76 78 11 79 80
157 158 173 76 78 133 46 76 82 11 79 80
157 158 173 76 81
157 158 173 76 82 95
157 158 173 76 82 133 46 47 48 49 50 51 52
157 158 173 76 82 133 46 47 48 49 53 54
157 158 173 76 82 133 46 55 11 56
157 158 173 76 82 133 46 57 58 11 59 60
157 158 173 76 82 133 46 61 11 62 63
157 158 173 76 82 133 46 61 11 64 63
157 158 173 76 82 133 46 65 66
157 158 173 76 82 133 46 65 67
157 158 173 76 82 133 46 68
157 158 173 76 82 133 46 69 70 71
157 158 173 76 82 133 46 69 72
157 158 173 76 82 133 46 73 74
157 158 173 76 82 133 46 73 75
157 158 173 76 82 133 46 76 77
157 158 173 76 82 133 46 76 81
157 158 173 76 82 133 46 76 78 11 79 80
157 158 173 76 82 133 46 76 82 11 79 80
113 78 95
113 78 133 46 47 48 49 50 51 52
113 78 133 46 47 48 49 53 54
113 78 133 46 55 11 56
113 78 133 46 57 58 11 59 60
113 78 133 46 61 11 62 63
113 78 133 46 61 11 64 63
113 78 133 46 65 66
113 78 133 46 65 67
113 78 133 46 68
113 78 133 46 69 70 71
113 78 133 46 69 72
113 78 133 46 73 74
113 78 133 46 73 75
113 78 133 46 76 77
113 78 133 46 76 81
113 78 133 46 76 78 11 79 80
113 78 133 46 76 82 11 79 80
113 82 95
113 82 133 46 47 48 49 50 51 52
113 82 133 46 47 48 49 53 54
113 82 133 46 55 11 56
113 82 133 46 57 58 11 59 60
113 82 133 46 61 11 62 63
113 82 133 46 61 11 64 63
113 82 133 46 65 66
113 82 133 46 65 67
113 82 133 46 68
113 82 133 46 69 70 71
113 82 133 46 69 72
113 82 133 46 73 74
113 82 133 46 73 75
113 82 133 46 76 77
113 82 133 46 76 81
113 82 133 46 76 78 11 79 80
113 82 133 46 76 82 11 79 80
157 158 61 77
157 158 61 78 95
157 158 61 78 133 46 47 48 49 50 51 52
157 158 61 78 133 46 47 48 49 53 54
157 158 61 78 133 46 55 11 56
157 158 61 78 133 46 57 58 11 59 60
157 158 61 78 133 46 61 11 62 63
157 158 61 78 133 46 61 11 64 63
157 158 61 78 133 46 65 66
157 158 61 78 133 46 65 67
157 158 61 78 133 46 68
157 158 61 78 133 46 69 70 71
157 158 61 78 133 46 69 72
157 158 61 78 133 46 73 74
157 158 61 78 133 46 73 75
157 158 61 78 133 46 76 77
157 158 61 78 133 46 76 81
157 158 61 78 133 46 76 78 11 79 80
157 158 61 78 133 46 76 82 11 79 80
157 158 61 81
157 158 61 82 95
157 158 61 82 133 46 47 48 49 50 51 52
157 158 61 82 133 46 47 48 49 53 54
157 158 61 82 133 46 55 11 56
157 158 61 82 133 46 57 58 11 59 60
157 158 61 82 133 46 61 11 62 63
157 158 61 82 133 46 61 11 64 63
157 158 61 82 133 46 65 66
157 158 61 82 133 46 65 67
157 158 61 82 133 46 68
157 158 61 82 133 46 69 70 71
157 158 61 82 133 46 69 72
157 158 61 82 133 46 73 74
157 158 61 82 133 46 73 75
157 158 61 82 133 46 76 77
157 158 61 82 133 46 76 81
157 158 61 82 133 46 76 78 11 79 80
157 158 61 82 133 46 76 82 11 79 80
227 111 228 73 49 229 230
227 111 228 73 49 231 230
227 111 228 73 49 232 230
227 111 228 73 183 184 66
227 111 228 73 183 184 67
227 111 228 73 49 185 186 191 188 233
227 111 228 73 49 185 186 191 190 233
227 111 228 73 49 229 234 46 160 59 107 235 11 162 63
227 111 228 73 49 231 234 46 160 59 107 235 11 162 63
227 111 228 73 49 232 234 46 160 59 107 235 11 162 63
227 111 228 73 183 184 118 46 160 59 107 235 11 162 63
227 111 228 73 183 184 121 46 160 59 107 235 11 162 63
227 111 228 73 49 185 186 187 188 189 46 160 59 107 235 11 162 63
227 111 228 73 49 185 186 187 190 189 46 160 59 107 235 11 162 63
227 111 228 73 49 185 186 191 188 189 46 160 59 107 235 11 162 63
227 111 228 73 49 185 186 191 190 189 46 160 59 107 235 11 162 63
227 111 228 73 49 185 186 191 236 189 46 160 59 107 235 11 162 63
237 166 46 61 11 63
237 168 46 61 11 63
134 43 127 238 239 118 46 61 11 63
134 43 127 238 239 121 46 61 11 63
134 43 127 240 186 187 188 189 46 61 11 63
134 43 127 240 186 187 190 189 46 61 11 63
134 43 127 240 186 191 188 189 46 61 11 63
134 43 127 240 186 191 190 189 46 61 11 63
237 166 46 61 11 213 214 215
237 168 46 61 11 213 214 215
134 43 127 238 239 118 46 61 11 213 214 215
134 43 127 238 239 121 46 61 11 213 214 215
134 43 127 240 186 187 188 189 46 61 11 213 214 215
134 43 127 240 186 187 190 189 46 61 11 213 214 215
134 43 127 240 186 191 188 189 46 61 11 213 214 215
134 43 127 240 186 191 190 189 46 61 11 213 214 215
237 166 46 61 11 100 163
237 168 46 61 11 100 163
134 43 127 238 239 118 46 61 11 100 163
134 43 127 238 239 121 46 61 11 100 163
134 43 127 240 186 187 188 189 46 61 11 100 163
134 43 127 240 186 187 190 189 46 61 11 100 163
134 43 127 240 186 191 188 189 46 61 11 100 163
134 43 127 240 186 191 190 189 46 61 11 100 163
237 166 46 61 11 100 241 214 215
237 168 46 61 11 100 241 214 215
134 43 127 238 239 118 46 61 11 100 241 214 215
134 43 127 238 239 121 46 61 11 100 241 214 215
134 43 127 240 186 187 188 189 46 61 11 100 241 214 215
134 43 127 240 186 187 190 189 46 61 11 100 241 214 215
134 43 127 240 186 191 188 189 46 61 11 100 241 214 215
134 43 127 240 186 191 190 189 46 61 11 100 241 214 215
237 166 46 61 11 100 101
237 168 46 61 11 100 101
134 43 127 238 239 118 46 61 11 100 101
134 43 127 238 239 121 46 61 11 100 101
134 43 127 240 186 187 188 189 46 61 11 100 101
134 43 127 240 186 187 190 189 46 61 11 100 101
134 43 127 240 186 191 188 189 46 61 11 100 101
134 43 127 240 186 191 190 189 46 61 11 100 101
237 166 46 61 11 100 114 214 215
237 168 46 61 11 100 114 214 215
134 43 127 238 239 118 46 61 11 100 114 214 215
134 43 127 238 239 121 46 61 11 100 114 214 215
134 43 127 240 186 187 188 189 46 61 11 100 114 214 215
134 43 127 240 186 187 190 189 46 61 11 100 114 214 215
134 43 127 240 186 191 188 189 46 61 11 100 114 214 215
134 43 127 240 186 191 190 189 46 61 11 100 114 214 215
237 166 46 61 11 100 102 93
237 168 46 61 11 100 102 93
134 43 127 238 239 118 46 61 11 100 102 93
134 43 127 238 239 121 46 61 11 100 102 93
134 43 127 240 186 187 188 189 46 61 11 100 102 93
134 43 127 240 186 187 190 189 46 61 11 100 102 93
134 43 127 240 186 191 188 189 46 61 11 100 102 93
134 43 127 240 186 191 190 189 46 61 11 100 102 93
237 166 46 61 11 100 102 119 214 215
237 168 46 61 11 100 102 119 214 215
134 43 127 238 239 118 46 61 11 100 102 119 214 215
134 43 127 238 239 121 46 61 11 100 102 119 214 215
134 43 127 240 186 187 188 189 46 61 11 100 102 119 214 215
134 43 127 240 186 187 190 189 46 61 11 100 102 119 214 215
134 43 127 240 186 191 188 189 46 61 11 100 102 119 214 215
134 43 127 240 186 191 190 189 46 61 11 100 102 119 214 215
237 166 46 61 11 100 114 214 215
237 168 46 61 11 100 114 214 215
134 43 127 238 239 118 46 61 11 100 114 214 215
134 43 127 238 239 121 46 61 11 100 114 214 215
134 43 127 240 186 187 188 189 46 61 11 100 114 214 215
134 43 127 240 186 187 190 189 46 61 11 100 114 214 215
134 43 127 240 186 191 188 189 46 61 11 100 114 214 215
134 43 127 240 186 191 190 189 46 61 11 100 114 214 215
199 200 76 77
199 200 76 81
199 200 61 77
199 200 61 81
199 200 65 66
199 200 65 67
199 200 173 76 77
199 200 173 76 81
237 74
237 75
134 43 127 238 239 66
134 43 127 238 239 67
134 43 127 240 186 187 188 233
134 43 127 240 186 187 190 233
134 43 127 240 186 191 188 233
134 43 127 240 186 191 190 233
42 43 45 46 210 225 224
3 88 49 53 89 46 210 225 224
97 98 46 210 225 224
97 59 107 46 210 225 224
113 99 11 100 114 46 210 225 224
113 99 11 100 102 115 46 210 225 224
113 104 11 100 114 46 210 225 224
113 104 11 100 102 115 46 210 225 224
116 118 46 210 225 224
116 117 119 46 210 225 224
116 121 46 210 225 224
116 120 119 46 210 225 224
122 123 124 46 210 225 224
125 127 129 46 210 225 224
125 130 46 210 225 224
125 90 131 46 210 225 224
125 118 46 210 225 224
125 117 131 46 210 225 224
125 121 46 210 225 224
125 120 131 46 210 225 224
132 99 46 210 225 224
132 78 133 46 210 225 224
132 104 46 210 225 224
132 82 133 46 210 225 224
113 11 108 165 46 210 225 224
113 11 108 109 131 46 210 225 224
110 172 76 99 46 210 225 224
110 172 76 104 46 210 225 224
110 172 173 76 99 46 210 225 224
110 172 173 76 104 46 210 225 224
110 172 61 99 46 210 225 224
110 172 61 104 46 210 225 224
192 193 194 76 99 46 210 225 224
192 193 194 76 104 46 210 225 224
192 193 194 61 99 46 210 225 224
192 193 194 61 104 46 210 225 224
192 193 194 173 76 99 46 210 225 224
192 193 194 173 76 104 46 210 225 224
132 78 11 195 197 46 210 225 224
132 82 11 195 197 46 210 225 224
226 76 78 133 46 210 225 224
226 76 82 133 46 210 225 224
113 78 133 46 210 225 224
113 82 133 46 210 225 224
237 166 46 210 225 224
237 168 46 210 225 224
134 43 127 238 239 118 46 210 225 224
134 43 127 238 239 121 46 210 225 224
134 43 127 240 186 187 188 189 46 210 225 224
134 43 127 240 186 187 190 189 46 210 225 224
134 43 127 240 186 191 188 189 46 210 225 224
134 43 127 240 186 191 190 189 46 210 225 224
206 242 61 99 11 100 101
206 242 61 99 11 100 102 103
206 242 61 99 11 100 102 115 214 215
206 242 61 99 11 100 114 214 215
206 242 61 104 11 100 101
206 242 61 104 11 100 102 103
206 242 61 104 11 100 102 115 214 215
206 242 61 104 11 100 114 214 215
157 158 61 99 11 100 102 115 214 215
157 158 61 99 11 100 114 214 215
157 158 61 104 11 100 102 115 214 215
157 158 61 104 11 100 114 214 215
206 242 76 77
206 242 76 78 95
206 242 173 76 77
206 242 173 76 78 95
206 242 76 81
206 242 76 82 95
206 242 173 76 81
206 242 173 76 82 95
180 218 61 99 11 100 114 214 215
180 218 61 104 11 100 114 214 215
206 242 61 11 62 213 214 215
206 242 61 11 64 213 214 215
113 11 62 213 214 243 46 210 225 224
113 11 64 213 214 243 46 210 225 224
113 11 100 114 214 215
113 99 11 100 114 214 215
113 99 11 100 114 214 243 46 47 48 49 50 51 52
113 99 11 100 114 214 243 46 47 48 49 53 54
113 99 11 100 114 214 243 46 55 11 56
113 99 11 100 114 214 243 46 57 58 11 59 60
113 99 11 100 114 214 243 46 61 11 62 63
113 99 11 100 114 214 243 46 61 11 64 63
113 99 11 100 114 214 243 46 65 66
113 99 11 100 114 214 243 46 65 67
113 99 11 100 114 214 243 46 68
113 99 11 100 114 214 243 46 69 70 71
113 99 11 100 114 214 243 46 69 72
113 99 11 100 114 214 243 46 73 74
113 99 11 100 114 214 243 46 73 75
113 99 11 100 114 214 243 46 76 77
113 99 11 100 114 214 243 46 76 78 11 79 80
113 99 11 100 114 214 243 46 76 81
113 99 11 100 114 214 243 46 76 82 11 79 80
113 104 11 100 114 214 215
113 104 11 100 114 214 243 46 47 48 49 50 51 52
113 104 11 100 114 214 243 46 47 48 49 53 54
113 104 11 100 114 214 243 46 55 11 56
113 104 11 100 114 214 243 46 57 58 11 59 60
113 104 11 100 114 214 243 46 61 11 62 63
113 104 11 100 114 214 243 46 61 11 64 63
113 104 11 100 114 214 243 46 65 66
113 104 11 100 114 214 243 46 65 67
113 104 11 100 114 214 243 46 68
113 104 11 100 114 214 243 46 69 70 71
113 104 11 100 114 214 243 46 69 72
113 104 11 100 114 214 243 46 73 74
113 104 11 100 114 214 243 46 73 75
113 104 11 100 114 214 243 46 76 77
113 104 11 100 114 214 243 46 76 78 11 79 80
113 104 11 100 114 214 243 46 76 81
113 104 11 100 114 214 243 46 76 82 11 79 80
113 99 11 100 114 214 243 46 210 225 224
113 104 11 100 114 214 243 46 210 225 224
157 158 61 99 11 100 114 214 243 46 47 48 49 50 51 52
157 158 61 99 11 100 114 214 243 46 47 48 49 53 54
157 158 61 99 11 100 114 214 243 46 55 11 56
157 158 61 99 11 100 114 214 243 46 57 58 11 59 60
157 158 61 99 11 100 114 214 243 46 61 11 62 63
157 158 61 99 11 100 114 214 243 46 61 11 64 63
157 158 61 99 11 100 114 214 243 46 65 66
157 158 61 99 11 100 114 214 243 46 65 67
157 158 61 99 11 100 114 214 243 46 68
157 158 61 99 11 100 114 214 243 46 69 70 71
157 158 61 99 11 100 114 214 243 46 69 72
157 158 61 99 11 100 114 214 243 46 73 74
157 158 61 99 11 100 114 214 243 46 73 75
157 158 61 99 11 100 114 214 243 46 76 77
157 158 61 99 11 100 114 214 243 46 76 78 11 79 80
157 158 61 99 11 100 114 214 243 46 76 81
157 158 61 99 11 100 114 214 243 46 76 82 11 79 80
157 158 61 104 11 100 114 214 243 46 47 48 49 50 51 52
157 158 61 104 11 100 114 214 243 46 47 48 49 53 54
157 158 61 104 11 100 114 214 243 46 55 11 56
157 158 61 104 11 100 114 214 243 46 57 58 11 59 60
157 158 61 104 11 100 114 214 243 46 61 11 62 63
157 158 61 104 11 100 114 214 243 46 61 11 64 63
157 158 61 104 11 100 114 214 243 46 65 66
157 158 61 104 11 100 114 214 243 46 65 67
157 158 61 104 11 100 114 214 243 46 68
157 158 61 104 11 100 114 214 243 46 69 70 71
157 158 61 104 11 100 114 214 243 46 69 72
157 158 61 104 11 100 114 214 243 46 73 74
157 158 61 104 11 100 114 214 243 46 73 75
157 158 61 104 11 100 114 214 243 46 76 77
157 158 61 104 11 100 114 214 243 46 76 78 11 79 80
157 158 61 104 11 100 114 214 243 46 76 81
157 158 61 104 11 100 114 214 243 46 76 82 11 79 80
113 11 213 214 215
113 11 62 213 214 215
113 11 62 213 214 243 46 47 48 49 50 51 52
113 11 62 213 214 243 46 47 48 49 53 54
113 11 62 213 214 243 46 55 11 56
113 11 62 213 214 243 46 57 58 11 59 60
113 11 62 213 214 243 46 61 11 62 63
113 11 62 213 214 243 46 61 11 64 63
113 11 62 213 214 243 46 65 66
113 11 62 213 214 243 46 65 67
113 11 62 213 214 243 46 68
113 11 62 213 214 243 46 69 70 71
113 11 62 213 214 243 46 69 72
113 11 62 213 214 243 46 73 74
113 11 62 213 214 243 46 73 75
113 11 62 213 214 243 46 76 77
113 11 62 213 214 243 46 76 78 11 79 80
113 11 62 213 214 243 46 76 81
113 11 62 213 214 243 46 76 82 11 79 80
113 11 64 213 214 215
113 11 64 213 214 243 46 47 48 49 50 51 52
113 11 64 213 214 243 46 47 48 49 53 54
113 11 64 213 214 243 46 55 11 56
113 11 64 213 214 243 46 57 58 11 59 60
113 11 64 213 214 243 46 61 11 62 63
113 11 64 213 214 243 46 61 11 64 63
113 11 64 213 214 243 46 65 66
113 11 64 213 214 243 46 65 67
113 11 64 213 214 243 46 68
113 11 64 213 214 243 46 69 70 71
113 11 64 213 214 243 46 69 72
113 11 64 213 214 243 46 73 74
113 11 64 213 214 243 46 73 75
113 11 64 213 214 243 46 76 77
113 11 64 213 214 243 46 76 78 11 79 80
113 11 64 213 214 243 46 76 81
113 11 64 213 214 243 46 76 82 11 79 80
157 158 61 11 62 213 214 215
157 158 61 11 62 213 214 243 46 47 48 49 50 51 52
157 158 61 11 62 213 214 243 46 47 48 49 53 54
157 158 61 11 62 213 214 243 46 55 11 56
157 158 61 11 62 213 214 243 46 57 58 11 59 60
157 158 61 11 62 213 214 243 46 61 11 62 63
157 158 61 11 62 213 214 243 46 61 11 64 63
157 158 61 11 62 213 214 243 46 65 66
157 158 61 11 62 213 214 243 46 65 67
157 158 61 11 62 213 214 243 46 68
157 158 61 11 62 213 214 243 46 69 70 71
157 158 61 11 62 213 214 243 46 69 72
157 158 61 11 62 213 214 243 46 73 74
157 158 61 11 62 213 214 243 46 73 75
157 158 61 11 62 213 214 243 46 76 77
157 158 61 11 62 213 214 243 46 76 78 11 79 80
157 158 61 11 62 213 214 243 46 76 81
157 158 61 11 62 213 214 243 46 76 82 11 79 80
157 158 61 11 64 213 214 215
157 158 61 11 64 213 214 243 46 47 48 49 50 51 52
157 158 61 11 64 213 214 243 46 47 48 49 53 54
157 158 61 11 64 213 214 243 46 55 11 56
157 158 61 11 64 213 214 243 46 57 58 11 59 60
157 158 61 11 64 213 214 243 46 61 11 62 63
157 158 61 11 64 213 214 243 46 61 11 64 63
157 158 61 11 64 213 214 243 46 65 66
157 158 61 11 64 213 214 243 46 65 67
157 158 61 11 64 213 214 243 46 68
157 158 61 11 64 213 214 243 46 69 70 71
157 158 61 11 64 213 214 243 46 69 72
157 158 61 11 64 213 214 243 46 73 74
157 158 61 11 64 213 214 243 46 73 75
157 158 61 11 64 213 214 243 46 76 77
157 158 61 11 64 213 214 243 46 76 78 11 79 80
157 158 61 11 64 213 214 243 46 76 81
157 158 61 11 64 213 214 243 46 76 82 11 79 80
125 118 214 243 46 210 225 224
125 118 214 215
125 118 214 243 46 47 48 49 50 51 52
125 118 214 243 46 47 48 49 53 54
125 118 214 243 46 55 11 56
125 118 214 243 46 57 58 11 59 60
125 118 214 243 46 61 11 62 63
125 118 214 243 46 61 11 64 63
125 118 214 243 46 65 66
125 118 214 243 46 65 67
125 118 214 243 46 68
125 118 214 243 46 69 70 71
125 118 214 243 46 69 72
125 118 214 243 46 73 74
125 118 214 243 46 73 75
125 118 214 243 46 76 77
125 118 214 243 46 76 78 11 79 80
125 118 214 243 46 76 81
125 118 214 243 46 76 82 11 79 80
125 121 214 243 46 210 225 224
125 121 214 215
125 121 214 243 46 47 48 49 50 51 52
125 121 214 243 46 47 48 49 53 54
125 121 214 243 46 55 11 56
125 121 214 243 46 57 58 11 59 60
125 121 214 243 46 61 11 62 63
125 121 214 243 46 61 11 64 63
125 121 214 243 46 65 66
125 121 214 243 46 65 67
125 121 214 243 46 68
125 121 214 243 46 69 70 71
125 121 214 243 46 69 72
125 121 214 243 46 73 74
125 121 214 243 46 73 75
125 121 214 243 46 76 77
125 121 214 243 46 76 78 11 79 80
125 121 214 243 46 76 81
125 121 214 243 46 76 82 11 79 80
157 158 73 92 203 204 244 214 215
157 158 73 92 203 204 244 214 243 46 47 48 49 50 51 52
157 158 73 92 203 204 244 214 243 46 47 48 49 53 54
157 158 73 92 203 204 244 214 243 46 55 11 56
157 158 73 92 203 204 244 214 243 46 57 58 11 59 60
157 158 73 92 203 204 244 214 243 46 61 11 62 63
157 158 73 92 203 204 244 214 243 46 61 11 64 63
157 158 73 92 203 204 244 214 243 46 65 66
157 158 73 92 203 204 244 214 243 46 65 67
157 158 73 92 203 204 244 214 243 46 68
157 158 73 92 203 204 244 214 243 46 69 70 71
157 158 73 92 203 204 244 214 243 46 69 72
157 158 73 92 203 204 244 214 243 46 73 74
157 158 73 92 203 204 244 214 243 46 73 75
157 158 73 92 203 204 244 214 243 46 76 77
157 158 73 92 203 204 244 214 243 46 76 78 11 79 80
157 158 73 92 203 204 244 214 243 46 76 81
157 158 73 92 203 204 244 214 243 46 76 82 11 79 80
157 158 73 94 203 204 244 214 215
157 158 73 94 203 204 244 214 243 46 47 48 49 50 51 52
157 158 73 94 203 204 244 214 243 46 47 48 49 53 54
157 158 73 94 203 204 244 214 243 46 55 11 56
157 158 73 94 203 204 244 214 243 46 57 58 11 59 60
157 158 73 94 203 204 244 214 243 46 61 11 62 63
157 158 73 94 203 204 244 214 243 46 61 11 64 63
157 158 73 94 203 204 244 214 243 46 65 66
157 158 73 94 203 204 244 214 243 46 65 67
157 158 73 94 203 204 244 214 243 46 68
157 158 73 94 203 204 244 214 243 46 69 70 71
157 158 73 94 203 204 244 214 243 46 69 72
157 158 73 94 203 204 244 214 243 46 73 74
157 158 73 94 203 204 244 214 243 46 73 75
157 158 73 94 203 204 244 214 243 46 76 77
157 158 73 94 203 204 244 214 243 46 76 78 11 79 80
157 158 73 94 203 204 244 214 243 46 76 81
157 158 73 94 203 204 244 214 243 46 76 82 11 79 80
180 218 61 99 11 100 101
180 218 61 104 11 100 101
206 242 61 11 62 100 103
206 242 61 11 64 100 103
206 242 61 11 62 63
206 242 61 11 64 63
113 11 62 100 115 46 210 225 224
113 11 64 100 115 46 210 225 224
113 11 62 213 46 210 225 224
113 11 64 213 46 210 225 224
157 158 61 11 62 63
157 158 61 11 62 100 103
157 158 61 11 62 213 46 47 48 49 50 51 52
157 158 61 11 62 100 115 46 47 48 49 50 51 52
157 158 61 11 62 213 46 47 48 49 53 54
157 158 61 11 62 100 115 46 47 48 49 53 54
157 158 61 11 62 100 115 46 55 11 56
157 158 61 11 62 213 46 55 11 56
157 158 61 11 62 100 115 46 57 58 11 59 60
157 158 61 11 62 213 46 57 58 11 59 60
157 158 61 11 62 213 46 61 11 62 63
157 158 61 11 62 100 115 46 61 11 62 63
157 158 61 11 62 213 46 61 11 64 63
157 158 61 11 62 100 115 46 61 11 64 63
157 158 61 11 62 213 46 65 66
157 158 61 11 62 100 115 46 65 66
157 158 61 11 62 213 46 65 67
157 158 61 11 62 100 115 46 65 67
157 158 61 11 62 213 46 68
157 158 61 11 62 100 115 46 68
157 158 61 11 62 213 46 69 70 71
157 158 61 11 62 100 115 46 69 70 71
157 158 61 11 62 213 46 69 72
157 158 61 11 62 100 115 46 69 72
157 158 61 11 62 213 46 73 74
157 158 61 11 62 100 115 46 73 74
157 158 61 11 62 213 46 73 75
157 158 61 11 62 100 115 46 73 75
157 158 61 11 62 213 46 76 77
157 158 61 11 62 213 46 76 78 11 79 80
157 158 61 11 62 100 115 46 76 77
157 158 61 11 62 100 115 46 76 78 11 79 80
157 158 61 11 62 213 46 76 81
157 158 61 11 62 213 46 76 82 11 79 80
157 158 61 11 62 100 115 46 76 81
157 158 61 11 62 100 115 46 76 82 11 79 80
157 158 61 11 64 63
157 158 61 11 64 100 103
157 158 61 11 64 213 46 47 48 49 50 51 52
157 158 61 11 64 100 115 46 47 48 49 50 51 52
157 158 61 11 64 213 46 47 48 49 53 54
157 158 61 11 64 100 115 46 47 48 49 53 54
157 158 61 11 64 213 46 55 11 56
157 158 61 11 64 100 115 46 55 11 56
157 158 61 11 64 213 46 57 58 11 59 60
157 158 61 11 64 100 115 46 57 58 11 59 60
157 158 61 11 64 213 46 61 11 62 63
157 158 61 11 64 100 115 46 61 11 62 63
157 158 61 11 64 213 46 61 11 64 63
157 158 61 11 64 100 115 46 61 11 64 63
157 158 61 11 64 213 46 65 66
157 158 61 11 64 100 115 46 65 66
157 158 61 11 64 213 46 65 67
157 158 61 11 64 100 115 46 65 67
157 158 61 11 64 213 46 68
157 158 61 11 64 100 115 46 68
157 158 61 11 64 213 46 69 70 71
157 158 61 11 64 100 115 46 69 70 71
157 158 61 11 64 213 46 69 72
157 158 61 11 64 100 115 46 69 72
157 158 61 11 64 213 46 73 74
157 158 61 11 64 100 115 46 73 74
157 158 61 11 64 213 46 73 75
157 158 61 11 64 100 115 46 73 75
157 158 61 11 64 213 46 76 77
157 158 61 11 64 213 46 76 78 11 79 80
157 158 61 11 64 100 115 46 76 77
157 158 61 11 64 100 115 46 76 78 11 79 80
157 158 61 11 64 213 46 76 81
157 158 61 11 64 213 46 76 82 11 79 80
157 158 61 11 64 100 115 46 76 81
157 158 61 11 64 100 115 46 76 82 11 79 80
113 11 62 63
113 11 62 100 103
113 11 62 213 46 47 48 49 50 51 52
113 11 62 100 115 46 47 48 49 50 51 52
113 11 62 213 46 47 48 49 53 54
113 11 62 100 115 46 47 48 49 53 54
113 11 62 100 115 46 55 11 56
113 11 62 213 46 55 11 56
113 11 62 100 115 46 57 58 11 59 60
113 11 62 213 46 57 58 11 59 60
113 11 62 213 46 61 11 62 63
113 11 62 100 115 46 61 11 62 63
113 11 62 213 46 61 11 64 63
113 11 62 100 115 46 61 11 64 63
113 11 62 213 46 65 66
113 11 62 100 115 46 65 66
113 11 62 213 46 65 67
113 11 62 100 115 46 65 67
113 11 62 213 46 68
113 11 62 100 115 46 68
113 11 62 213 46 69 70 71
113 11 62 100 115 46 69 70 71
113 11 62 213 46 69 72
113 11 62 100 115 46 69 72
113 11 62 213 46 73 74
113 11 62 100 115 46 73 74
113 11 62 213 46 73 75
113 11 62 100 115 46 73 75
113 11 62 213 46 76 77
113 11 62 213 46 76 78 11 79 80
113 11 62 100 115 46 76 77
113 11 62 100 115 46 76 78 11 79 80
113 11 62 213 46 76 81
113 11 62 213 46 76 82 11 79 80
113 11 62 100 115 46 76 81
113 11 62 100 115 46 76 82 11 79 80
113 11 64 63
113 11 64 100 103
113 11 64 213 46 47 48 49 50 51 52
113 11 64 100 115 46 47 48 49 50 51 52
113 11 64 213 46 47 48 49 53 54
113 11 64 100 115 46 47 48 49 53 54
113 11 64 213 46 55 11 56
113 11 64 100 115 46 55 11 56
113 11 64 213 46 57 58 11 59 60
113 11 64 100 115 46 57 58 11 59 60
113 11 64 213 46 61 11 62 63
113 11 64 100 115 46 61 11 62 63
113 11 64 213 46 61 11 64 63
113 11 64 100 115 46 61 11 64 63
113 11 64 213 46 65 66
113 11 64 100 115 46 65 66
113 11 64 213 46 65 67
113 11 64 100 115 46 65 67
113 11 64 213 46 68
113 11 64 100 115 46 68
113 11 64 213 46 69 70 71
113 11 64 100 115 46 69 70 71
113 11 64 213 46 69 72
113 11 64 100 115 46 69 72
113 11 64 213 46 73 74
113 11 64 100 115 46 73 74
113 11 64 213 46 73 75
113 11 64 100 115 46 73 75
113 11 64 213 46 76 77
113 11 64 213 46 76 78 11 79 80
113 11 64 100 115 46 76 77
113 11 64 100 115 46 76 78 11 79 80
113 11 64 213 46 76 81
113 11 64 213 46 76 82 11 79 80
113 11 64 100 115 46 76 81
113 11 64 100 115 46 76 82 11 79 80
97 59 107 46 61 11 62 63
97 59 107 46 61 11 64 63
157 158 61 11 63
113 11 63
106 58 11 59 107 46 61 11 245 163
206 242 73 74
206 242 73 92 93
206 242 73 92 203 204 244 214 215
206 242 73 75
206 242 73 94 93
206 242 73 94 203 204 244 214 215
206 242 69 72
206 242 69 90 91
206 242 69 130 214 215
116 117 203 204 244 214 215
157 158 73 92 203 204 244 214 215
116 120 203 204 244 214 215
157 158 73 94 203 204 244 214 215
157 158 73 92 203 204 43 44
157 158 73 92 203 204 43 45 46 47 48 49 50 51 52
157 158 73 92 203 204 43 45 46 47 48 49 53 54
157 158 73 92 203 204 43 45 46 55 11 56
157 158 73 92 203 204 43 45 46 57 58 11 59 60
157 158 73 92 203 204 43 45 46 61 11 62 63
157 158 73 92 203 204 43 45 46 61 11 64 63
157 158 73 92 203 204 43 45 46 65 66
157 158 73 92 203 204 43 45 46 65 67
157 158 73 92 203 204 43 45 46 68
157 158 73 92 203 204 43 45 46 69 70 71
157 158 73 92 203 204 43 45 46 69 72
157 158 73 92 203 204 43 45 46 73 74
157 158 73 92 203 204 43 45 46 73 75
157 158 73 92 203 204 43 45 46 76 77
157 158 73 92 203 204 43 45 46 76 78 11 79 80
157 158 73 92 203 204 43 45 46 76 81
157 158 73 92 203 204 43 45 46 76 82 11 79 80
157 158 73 94 203 204 43 44
157 158 73 94 203 204 43 45 46 47 48 49 50 51 52
157 158 73 94 203 204 43 45 46 47 48 49 53 54
157 158 73 94 203 204 43 45 46 55 11 56
157 158 73 94 203 204 43 45 46 57 58 11 59 60
157 158 73 94 203 204 43 45 46 61 11 62 63
157 158 73 94 203 204 43 45 46 61 11 64 63
157 158 73 94 203 204 43 45 46 65 66
157 158 73 94 203 204 43 45 46 65 67
157 158 73 94 203 204 43 45 46 68
157 158 73 94 203 204 43 45 46 69 70 71
157 158 73 94 203 204 43 45 46 69 72
157 158 73 94 203 204 43 45 46 73 74
157 158 73 94 203 204 43 45 46 73 75
157 158 73 94 203 204 43 45 46 76 77
157 158 73 94 203 204 43 45 46 76 78 11 79 80
157 158 73 94 203 204 43 45 46 76 81
157 158 73 94 203 204 43 45 46 76 82 11 79 80
116 117 203 204 43 45 46 47 48 49 50 51 52
116 117 203 204 43 45 46 47 48 49 53 54
116 117 203 204 43 45 46 55 11 56
116 117 203 204 43 45 46 57 58 11 59 60
116 117 203 204 43 45 46 61 11 62 63
116 117 203 204 43 45 46 61 11 64 63
116 117 203 204 43 45 46 65 66
116 117 203 204 43 45 46 65 67
116 117 203 204 43 45 46 68
116 117 203 204 43 45 46 69 70 71
116 117 203 204 43 45 46 69 72
116 117 203 204 43 45 46 73 74
116 117 203 204 43 45 46 73 75
116 117 203 204 43 45 46 76 77
116 117 203 204 43 45 46 76 81
116 120 203 204 43 45 46 47 48 49 50 51 52
116 120 203 204 43 45 46 47 48 49 53 54
116 120 203 204 43 45 46 55 11 56
116 120 203 204 43 45 46 57 58 11 59 60
116 120 203 204 43 45 46 61 11 62 63
116 120 203 204 43 45 46 61 11 64 63
116 120 203 204 43 45 46 65 66
116 120 203 204 43 45 46 65 67
116 120 203 204 43 45 46 68
116 120 203 204 43 45 46 69 70 71
116 120 203 204 43 45 46 69 72
116 120 203 204 43 45 46 73 74
116 120 203 204 43 45 46 73 75
116 120 203 204 43 45 46 76 77
116 120 203 204 43 45 46 76 81
157 158 61 11 62 100 115 214 215
113 11 62 100 115 214 215
157 158 61 11 64 100 115 214 215
113 11 64 100 115 214 215
157 158 73 92 119 214 215
125 117 131 214 215
157 158 73 94 119 214 215
125 120 131 214 215
157 158 69 90 131 214 215
125 90 131 214 215
246 247 248 249 250 251 252 49 253
3 83 248 254 255 47 256 257
3 83 248 258 255 47 256 257
3 83 248 259 255 47 256 260 261 225 262
3 83 248 259 47 256 263 264 265
3 83 248 258 266 85 267 268
3 83 248 259 266 85 267 268
3 83 248 259 47 256 263 264 269 267 268
270 271
3 83 248 272 273 47 274 275 276 277 47 278 279 248 280
